0050003A,1084,610,141,422
0050004B,592,342,84,242
0050005A,733,419,98,294
0050014A,671,358,94,236
0050022A*,66,12,1,11
0050059A,1193,650,139,475
0050061A,1218,676,174,447
0090005B*,121,18,6,11
0090011A*,56,8,3,4
0090016B*,21,5,2,3
0300002A,930,401,95,283
1020244A,634,323,132,171
1750001A,1098,608,162,413
1750052A*,256,102,27,66
1750054A,600,314,55,230
1750055A,1456,774,168,578
1750061D*,114,21,6,15
1770001A,1212,518,234,244
1770004A,427,225,55,160
1770007A*,159,12,9,3
1770008B*,57,6,1,5
1770008F*,59,9,1,8
1770015A,864,377,118,235
1770015C*,25,1,0,1
1770015F*,9,3,2,1
1770016A*,86,12,3,9
1770016E*,352,37,16,20
1770306A,258,130,37,90
1770306B,559,299,69,217
2610009A*,54,16,5,9
2620001A,612,351,101,229
3550001A,1534,622,292,286
3550003A,1194,514,187,291
3550004A,1877,678,382,215
3550007A,1299,489,234,220
3550008A,1456,529,291,189
3550011B,2010,690,327,304
3550019A,2016,862,419,354
3550020B,1665,805,282,474
3550021A,1560,366,214,122
3550022A,1497,457,221,214
3550023A,1025,479,130,328
3550024A,1493,457,247,167
3550025A,1583,507,220,240
3550026A,1122,493,210,250
3550029A,1561,805,215,552
3550030A,1791,711,271,399
3550031A,1704,675,299,330
3550032A,1376,553,214,311
3550033A,943,519,162,331
3550035B,1526,707,294,381
3550036A,2001,545,295,198
3550040A,1513,697,290,375
3550041A,1894,624,295,285
3550042A,1192,359,174,166
3550044A,1294,636,181,431
3550045B,1572,616,258,327
3550047B,1132,508,224,250
3550048A,1257,543,305,196
3550050A,1935,600,345,219
3550052A,1905,732,303,366
3550053A,1417,675,328,297
3550054A,1388,415,208,175
3550058A,1395,661,164,467
3550059A,1051,545,159,358
3550060A,1074,504,155,315
3550061A,1533,639,232,364
3550062B,1310,628,214,374
3550064A,1747,496,212,240
3550075A,1297,524,221,263
3550077A,1359,426,227,174
3550080A,1177,451,190,240
3550084A,1370,644,223,385
3550085A*,3,2,0,1
3550087A,1592,505,241,230
3550089B,1509,620,289,292
3550090A,1463,600,230,334
3550093B,1008,346,199,126
3550094A,1240,560,191,340
3550096A,2023,571,300,221
3550098A,1670,699,399,246
3550099B,1229,348,182,147
3550101A*,57,16,2,14
3550104A,1687,762,272,430
3550107A,1543,722,277,393
3550109A,1266,436,253,153
3550111A,1520,477,250,184
3680001A,1047,661,100,511
3700001A,805,391,162,204
3700040A,934,448,196,225
3700042B,839,406,167,210
3700043A,954,406,211,139
3700044A,1008,427,204,187
3700046A,1103,497,282,170
3750003A*,104,9,2,6
3750005A,598,362,80,252
3750012A*,27,3,0,3
3750047A*,103,12,3,9
4650001A,495,282,63,203
5000001A,1363,407,233,131
5000001C*,1,1,0,0
5000002A,1192,509,216,262
5000003A,2026,688,400,228
5000005L*,16,1,0,1
5000007A,1408,396,245,109
5000009A,1840,677,369,232
5000011A,1476,805,289,458
5000011F*,3,1,0,1
5000011G*,6,2,1,1
5000012A,1057,511,233,234
5000015A,615,212,128,60
5000016A,1681,591,376,173
5000017A,1578,826,297,478
5000018A,934,498,155,308
5000019A,952,385,194,153
5000020A,1052,535,228,266
5000021A,1416,556,354,172
5000025A,842,390,116,238
5000026A,933,494,137,334
5000027A,1249,616,186,391
5000030A,594,279,100,161
5000032A,1268,532,234,256
5000036A,1527,637,392,196
5000037A,1589,582,353,188
5000040A,1309,504,275,197
5000041B,1155,439,257,149
5000042A,1203,475,294,125
5000043A*,19,2,1,1
5000044A,1929,633,387,203
5000045A,654,271,133,124
5000046A,1406,309,214,78
5000047A,1805,651,393,217
5000048A,1184,458,290,140
5000049A,1074,413,264,119
5000050A,864,344,185,136
5000053A,1247,549,322,191
5000054A,1756,831,499,230
5000058A,1216,396,256,104
5000060A,636,268,143,104
5000063A,787,368,183,155
5000064A,1244,457,248,147
5000066A,485,202,88,95
5000067B,1921,829,445,298
5000070B,1061,556,202,323
5000072D*,112,13,9,4
5000075A,1938,647,370,219
5000078A,1323,455,244,163
5000079A,863,317,155,128
5000080A,1049,507,242,226
5000081B,1910,745,432,271
5000082A,1240,701,194,479
5000084A,1020,440,254,148
5000087A*,6,2,0,2
5000088A,1213,683,211,430
5000092A,1672,907,321,541
5000093F,1504,564,354,182
5000095A,1407,564,299,222
5000097A,2224,511,271,184
5000103A,1201,392,230,125
5000114A,1164,454,282,138
5000118A,919,436,151,262
5000121A,1063,421,256,126
5000122A,1053,438,275,134
5000126A,1424,568,331,190
5000127A,1521,804,230,531
5200003A*,60,15,6,7
5200042A,1055,583,153,399
5200042B,305,143,41,88
5400004A,1199,572,170,369
5400005A,1012,514,117,364
5400009A,1173,553,156,366
5400019A,1418,667,210,406
5400046A,1210,647,165,436
5400047A,882,412,113,283
5400048A,1101,545,136,379
5400057A,1018,572,138,403
6220166A,676,371,139,207
6220167C,910,492,157,300
6220170A,1340,697,260,381
6220173B,491,282,89,161
6220176A,895,475,185,260
6220179A,970,527,187,294
6220179N*,4,2,2,0
6220180A,1101,599,230,318
6300002F*,97,23,5,17
6300004A*,287,43,15,26
6300005A,1163,540,254,241
6300006A*,286,24,11,13
6300006E*,42,6,0,6
6300007A*,74,7,2,5
6300014A,736,396,152,212
6300021A,1069,555,222,275
6300423B*,15,5,1,4
6300457A*,47,11,6,5
6300457B*,37,3,2,0
7900005A,1065,534,251,232
7900006A,891,344,148,162
7900008A,1190,447,224,188
7900009A,730,342,174,134
7900010A,896,371,177,161
7900011A,880,380,176,170
0090003A,1010,600,419,141
0090003B*,170,28,21,6
0090004A,755,444,302,117
0090006A*,52,7,5,2
0090007B*,3,3,3,0
0090007C*,3,2,1,0
0090018A*,339,39,21,15
1020005A*,12,5,3,2
1020014A,639,304,135,146
1020017B*,221,43,32,10
1040001A,1211,660,332,261
1040002A,1180,660,237,374
1040003A,1178,677,372,258
1040014A,1149,624,361,222
1040015A,1423,751,431,260
1040016A,1104,581,332,207
1040017A,1668,901,490,350
1040020A,455,206,92,100
1040028A,1346,695,386,246
1040052E*,104,15,6,9
1040052G*,8,1,1,0
1040072A,751,442,270,138
1040226C,797,392,274,105
1040251A,737,409,231,140
1150001A,876,394,164,200
4700001A*,78,11,4,6
4700003C*,12,1,1,0
4700005A*,79,14,7,6
6220002B,1071,521,229,242
6220003A,1373,754,407,257
6220004A,1077,579,295,240
6220005A,1378,758,400,283
6220006A,1163,600,320,236
6220007A,652,349,201,123
6220008A,1434,785,394,297
6220009A,1321,710,386,261
6220010A,900,504,255,214
6220017B,1252,687,319,320
6220018A,1208,575,271,266
6220020A,1448,770,393,300
6220023A,1203,626,425,162
6220024A,1496,808,380,357
6220028B,1391,720,359,313
6220030A,1217,667,336,285
6220031A,1387,537,171,320
6220032A,1068,585,291,266
6220033A,1661,860,465,340
6220034A,1014,419,153,204
6220036A,855,413,188,193
6220036B,602,327,165,139
6220038A,1217,665,300,292
6220040C,1213,551,273,234
6220041A,1401,712,405,246
6220042A,1323,654,367,248
6220043A,1369,685,361,257
6220044A,1564,855,453,339
6220046A,972,414,164,217
6220047A,1116,640,345,246
6220049A,1068,582,330,210
6220051A,1071,571,285,245
6220053A,975,497,263,198
6220054A,1013,507,245,219
6220055A,1391,727,390,286
6220055G*,215,36,21,12
6220057C,1118,626,361,215
6220058A*,239,40,23,11
6220059E,1065,623,339,240
6220061F,1344,762,420,265
6220063A,1427,747,375,305
6220064B,658,355,158,166
6220065A,1323,669,299,303
6220067A,1167,552,261,240
6220069A,1570,823,369,378
6220071A,833,440,223,178
6220071D*,204,23,8,13
6220072A,744,394,217,151
6220073A,986,449,172,239
6220074A,1390,590,242,307
6220077A,1637,1003,524,400
6220077D,65,48,23,22
6220078A,991,515,219,250
6220080A,1318,634,304,281
6220081C*,253,46,7,34
6220083A,758,330,97,203
6220086A,1439,630,273,304
6220087A,1013,514,265,215
6220088A,868,420,210,176
6220090A,989,552,396,119
6220091A,923,475,319,125
6220094A,1130,450,172,247
6220096A,1108,623,330,231
6220098B,1471,753,380,298
6220101B,1379,702,373,277
6220102A,854,481,257,188
6220103A,1904,1081,584,433
6220105A,881,452,246,187
6220106A,1053,577,345,199
6220107A,1448,788,389,328
6220108A,962,454,199,213
6220109A,1545,782,387,328
6220113A,816,439,208,182
6220114A,1346,640,299,285
6220115A,1038,540,277,221
6220116A,753,420,220,158
6220117B,1127,534,255,228
6220118A,657,217,83,112
6220118B*,59,2,1,1
6220126A,963,496,250,209
6220127A,715,370,161,181
6220127B*,38,7,2,4
6220128A,644,351,197,130
6220128B,625,335,186,122
6220135A,964,491,265,190
6220139A,1324,659,334,275
6220141A,883,420,209,182
6220142A,1500,745,335,348
6220145B,598,279,138,124
6220147A,1815,889,452,364
6220148A,1011,632,328,264
6220149A,590,288,122,121
6220155A,682,359,175,156
6220159A,507,212,102,98
6220161A,1625,462,139,279
6220163A,1238,562,240,281
6220164C,1185,627,321,255
6220168A,510,310,177,114
6220182A,647,361,212,124
6220183A,1371,720,353,318
6220185A,763,382,181,182
6220186A,952,482,255,198
6220188A,757,347,134,186
6220190A,496,239,109,109
6220193A,659,364,133,179
6220194A,1066,485,187,258
6220197A,1488,734,314,363
6300023A,1394,741,393,297
6300037A*,111,16,6,9
6300040B,1098,531,220,280
6300041A,1457,650,321,283
6820001A,1172,545,278,219
6820003A,1453,698,282,357
6820005A,1078,617,297,248
6820006A,998,561,257,260
6820007A,983,499,300,158
6820008A,1088,632,323,256
6820010A,1559,753,322,351
6820011A,1056,532,317,181
6820014A,1100,602,288,269
7360001A,1295,601,293,263
9000016A,782,444,198,198
9000017A,1262,682,243,369
9000023B,1552,782,335,369
9000024A,1373,725,356,316
9000095A,881,421,161,222
9000104A,1169,689,295,323
9000185C,1762,870,284,494
9000315C,1040,569,265,255
9000333A,988,494,165,265
9000343A,700,371,122,222
9000350A,1195,618,268,292
9000352A,1285,635,216,350
9000362A,1344,688,202,403
9000612A,1209,633,320,275
9001276A,1388,578,170,346
9001754A,1410,603,257,290
9001805A,1446,649,242,351
9002264B,526,222,98,98
9002381A,575,272,104,128
9002509A,1278,591,199,314
9002828E,1081,550,205,292
9002892A,1166,588,214,325
9002968A,1339,599,298,243
9003055A,1431,721,299,364
9003466A,603,261,99,141
9004123A,1450,582,239,279
9004234A,1285,536,187,281
9004245A,1195,525,190,275
9006232A,838,400,141,209
9006233A,821,366,129,180
9006237A,1123,497,217,223
9006239A,966,416,156,215
9006242B,1360,649,266,316
9006246A,929,429,175,212
9006247A,923,403,173,191
9006248A,786,376,165,177
9006249A,902,423,160,196
9006251A,1094,370,181,150
9006252A,587,257,114,118
9006253A,1438,629,263,323
9006256A,949,451,163,256
9006257A,1288,530,174,309
9006258A,1265,600,210,324
9007774A,1042,452,211,195
9007781A,970,433,159,229
9007782A,1648,756,273,390
9007785A,1241,552,227,271
9007790B,1456,631,258,326
9007794A,1493,500,116,329
9007833A,897,457,178,239
9007838A,1160,548,230,264
0090012A*,5,4,0,4
1020192G*,25,4,2,2
6050001A,968,442,176,232
6050002A,902,446,165,250
6050005A,1444,581,216,315
6050007A,1364,677,231,389
6050009A,1331,640,244,348
6050010A,865,431,167,230
6050012A,1121,544,169,323
6050013A,1258,642,256,333
6050016A,1135,538,188,290
6220191A*,33,1,0,1
6850002A,558,280,129,111
9000008A,1433,532,182,233
9000009A,921,392,111,225
9000019A,906,475,163,245
9000021A,1439,726,224,326
9000027A,1383,595,178,361
9000060A,1266,607,202,338
9000061A,1157,519,150,311
9000068A,1088,489,172,260
9000069A,948,425,124,255
9000070A,999,419,109,277
9000074A,947,453,151,228
9000078A,1131,554,173,334
9000079C,1151,450,151,265
9000080A,1192,464,160,259
9000087A,808,364,134,165
9000090A,1291,583,199,310
9000093A,1141,473,150,286
9000094A,1157,499,186,276
9000097C,1291,630,213,321
9000101A,1337,602,174,354
9000107A,1174,536,177,288
9000110A,926,388,132,222
9000113A,706,291,99,166
9000116A,1527,533,182,281
9000119A,1393,542,205,246
9000123A,998,455,141,248
9000125B,1608,623,245,254
9000126A,1566,578,183,306
9000134A,869,388,147,210
9000139B,1249,514,161,302
9000141A,1151,550,204,272
9000144A,1330,570,192,316
9000163A,1067,511,180,243
9000165A,1452,658,243,313
9000167A,1333,647,215,350
9000184B,1278,576,169,343
9000222A,1405,640,228,296
9000223A,1105,766,255,396
9000232A,1507,532,186,290
9000252A,1438,756,260,365
9000292A,1355,771,293,336
9000300A,1228,485,171,273
9000301A,1409,602,206,346
9000305A,1069,496,153,288
9000308B,1270,570,209,276
9000312A,941,518,170,266
9000313B,1007,400,124,239
9000314A,1456,635,181,372
9000316A,1026,470,142,272
9000321A,1281,460,137,292
9000324A,1141,494,161,289
9000325A,987,464,142,258
9000327A,1459,676,237,368
9000330A,1087,540,162,318
9000331A,1232,555,166,310
9000334A,967,444,148,236
9000344A,983,420,141,244
9000345A,1203,590,158,309
9000378A,897,419,143,226
9000379A,1210,576,183,311
9000381A,852,392,125,220
9000382A,1445,634,207,361
9000383B,1390,661,201,387
9000390A,1376,605,190,359
9000391A,1360,507,156,314
9000392A,1563,594,228,260
9000396A,1310,638,196,372
9000416A,1090,511,166,252
9000448A,1132,552,192,259
9000457A,1072,539,173,287
9000460A,1236,554,162,333
9000461A,1491,598,186,325
9000463A,892,317,94,187
9000465A,1327,592,175,344
9000467C,1295,502,158,297
9000472A,1480,676,205,398
9000474A,1436,697,234,393
9000483A,1466,586,213,292
9000497A,1382,540,133,310
9000498A,1199,512,145,261
9000500A,1328,562,187,279
9000509A,1130,388,114,222
9000510A,1049,356,119,182
9000510C,1216,489,171,258
9000512A,1336,614,193,332
9000518A,1158,441,122,260
9000519B,1245,451,179,208
9000523A,1177,617,188,342
9000529A,1153,503,162,259
9000531A,1506,734,244,374
9000534A,1373,632,217,329
9000537A,1442,549,196,283
9000543A,1457,755,277,370
9000556A,1339,436,156,201
9000574A,1036,450,160,260
9000592A,1125,449,141,243
9000607C,1418,665,238,293
9000616A,1411,641,195,364
9000632A,1186,512,190,238
9000633A,642,302,119,128
9000634A,1116,550,196,250
9000636A,1075,464,168,200
9000637A,1114,550,205,218
9000639A,1079,499,185,224
9000640A,878,415,129,207
9000641D,1360,681,249,295
9000645A,892,422,163,186
9000646A,1344,644,225,324
9000654A,720,323,118,150
9000655A,1520,551,209,249
9000672A,1197,582,173,321
9000692A,972,476,132,268
9000718A,1442,521,221,216
9000732A,1194,535,206,230
9000998A,1238,432,142,248
9001050A,1331,586,181,345
9001065A,1001,448,166,244
9001077A,1381,690,188,446
9001451A,1356,544,217,257
9001700D,751,297,105,158
9001907A,807,409,133,234
9001917A,1160,415,172,190
9002176A,924,362,104,217
9002222A,1341,579,182,314
9002256A,1272,611,244,256
9002281A,1238,465,156,260
9002301A,1270,490,163,274
9002305A,1245,499,149,281
9002318A,1297,526,150,291
9002319A,1306,522,168,288
9002398A,1084,493,126,311
9002730A,1024,466,178,233
9002796A,819,362,132,157
9002811A,1244,486,157,269
9002824A,1428,467,162,265
9002888A,1273,519,182,284
9002894A,1271,532,163,306
9002903B,1282,479,163,263
9002988A,1203,479,157,255
9003374A,1278,475,171,220
9003448A,978,304,116,144
9003606B,1042,464,168,233
9003613A,961,412,128,192
9003614A,1269,614,209,288
9004212B,644,349,110,178
9004226A,1329,520,210,245
9005635A,922,352,128,171
9005638A,1287,485,155,286
9005645A,800,376,134,189
9005651A,1211,550,206,235
9005656A,1321,604,217,264
9005662A,1220,573,187,321
9005663A,1282,526,182,285
9005666A,1508,476,161,273
9005667A,1069,446,155,206
9005669A,1535,529,189,288
9006197A,824,345,105,194
9006203B,982,450,176,215
9006206A,1387,473,165,257
9006209A,1077,473,151,279
9006212B,985,436,133,238
9006214A,1070,411,142,233
9006216A,916,375,132,213
9006217A,822,337,126,176
9006218A,1154,451,155,234
9006219A,1201,549,180,266
9006224A,948,413,112,254
9007307A,883,448,188,190
9007311A,1160,557,210,259
9007313A,1046,477,161,220
9007323A,1373,567,193,230
9007333A,919,412,130,186
9007341A,681,226,80,121
9007735A,1175,560,169,305
9007737A,1171,453,150,260
9007744A,1461,578,188,329
9008147A,1250,509,160,287
0200001A,516,288,228,33
0200002A,719,402,246,139
0200003A,1556,804,653,87
0200004A,1519,880,562,272
0200007A,1144,560,349,160
0200008B,1065,533,440,63
0200013A,1411,676,565,68
0200015A,1448,670,513,105
0200017A,1101,500,410,54
0200018A,1400,620,511,63
0200019B,933,400,317,60
0200022A,1418,872,559,260
0200025B,1117,555,415,114
0200028A,1293,743,554,135
0200032A,1364,814,565,205
0200038B,1200,690,428,228
0200039A,1141,580,352,183
0200044A,1479,694,411,204
0200051A,1530,860,635,175
0200086A,1236,719,574,111
0200086B*,28,10,6,4
0200087A,1007,546,441,72
0200088B,1487,752,598,107
0200090A,1168,650,506,117
0200091A,1342,667,527,98
1250075A*,15,1,0,1
1300001A,1967,975,571,303
1300002A,744,411,261,108
1300003A,1280,729,455,228
1300004A,1056,263,220,22
1300005A,969,565,360,171
1300009A,1385,875,666,168
1300012A,1280,762,573,153
1300014A,907,531,292,192
1300018A,1246,717,396,258
1300019A,950,552,282,233
1300020A,898,502,255,204
1300021A,888,533,321,161
1300023B,663,352,233,96
1300025A,959,572,354,166
1300026A,1129,666,347,252
1300029A,539,307,161,130
1300037A,1255,644,258,332
1300039A,1187,711,353,310
1300042A,921,546,233,269
1300062A,702,437,205,197
1300063A,1102,651,368,248
2020003A,866,421,211,163
2020004A,420,211,93,89
2020006A,1317,733,437,244
2020007A,963,468,323,106
2020012A,1118,583,344,183
2350020A*,48,7,6,1
2350024A,806,477,188,236
2350026A,278,154,65,73
2350026C*,172,25,18,6
2350030A*,270,45,21,23
2350031B*,42,17,9,8
3080002A,734,382,193,161
3080004A*,166,35,25,8
3400001A,879,522,219,248
3400002A,1102,562,239,246
3400003A,893,466,210,215
3400005A,959,556,234,256
3400006A,785,437,218,183
3400008A,898,528,148,314
3400009A,807,465,168,261
3400009G*,68,9,2,7
3400010A,789,445,115,291
3400011A,1285,677,314,273
3400012A,1224,660,313,283
3400014A,600,351,129,172
3400016A,937,525,204,269
3400017A,766,499,159,292
3400018A,967,548,156,329
3400018B*,238,55,26,28
3400019B,808,478,153,286
3400021A,996,646,224,361
3400022A,808,521,212,247
3400023A,1005,489,181,253
3400024A,910,620,200,331
3400025A,821,437,166,224
3400052A,886,578,197,326
3400053A,710,414,164,207
3500016A*,24,4,0,4
4400003A,1503,836,403,346
4400004A,1124,663,294,325
4400007A,953,542,284,196
4400008A,1527,902,372,462
4400009A,1021,613,289,272
4400011A,721,423,230,157
4400013A,1067,554,311,195
4400014A,791,404,235,134
4400015A,838,405,250,114
4400016A,1411,659,380,202
4400017A,1005,489,297,128
4400021A,816,460,247,168
4400023A,872,442,214,193
4400030A,1037,482,248,179
4400061A,938,435,240,156
4400063A,764,398,279,75
4400064A,960,438,230,148
4400065A,929,464,255,137
4400066A,1155,519,327,133
4400067A,967,464,270,140
5150002A,551,298,253,26
5150003B*,241,29,17,12
5150004A,1385,806,433,329
5150005A,1087,520,421,63
5150006B,1156,677,528,90
5150007A,1133,500,388,57
5150008A,1175,454,380,36
5150012A,994,374,280,31
5150014A,1179,699,355,297
5150015A,1457,849,441,326
5150021B,1022,541,415,80
5150025A,1345,713,513,141
5150029A,1102,408,295,53
5150037B,1673,942,600,272
5150038A,1471,811,487,269
5150040A,967,450,346,67
5150041A,1420,639,521,70
5150042A,1301,633,496,80
5150043A,1451,529,418,44
5150044A,1452,688,482,135
5150045A,1407,679,544,92
5150046A,1261,567,438,77
5150049A,1156,619,435,154
5150053A,1249,552,434,71
5150057A,1496,809,569,175
5150061B,1383,694,518,110
5150065A,1295,518,346,132
5150066A,1226,559,405,98
5150069A,986,408,283,85
5150070A,1263,675,438,190
5150074A,1501,785,523,180
5150075A,1277,667,368,216
5150079A,902,525,338,147
5150080A,1088,464,321,107
5150090E,1205,684,323,306
5150091A,1002,584,260,267
5150092A,885,574,364,167
5150094A,904,531,347,144
5150095A,805,444,246,164
5150097A,1235,661,348,274
5150102A,1087,521,347,126
5150108A,1517,782,412,320
5150110A,1678,787,526,203
5150114A,1353,661,484,124
5150116A,1454,575,395,129
5150118A,1366,639,454,138
5150119A,1669,889,537,292
5150120A,1191,562,399,109
5150121A,1267,555,384,133
5150122A,1724,865,578,227
5150147A,1032,545,325,189
5150156A,1246,555,382,128
5150180A,1349,701,483,169
5150181A,963,469,265,154
5150183A,1108,576,418,134
5150186A,1551,781,525,196
5150187A,1577,827,486,296
5150188A,1290,721,394,272
5150194A,1390,624,506,69
5150196A,952,384,251,100
5150197A,1429,502,336,111
5150198A,1301,552,381,83
5150199A,1593,752,574,126
5150199C,831,385,305,45
5150209A,1262,652,390,199
5150213A,1179,457,342,56
5150216A,1384,588,399,95
5500112A,237,128,40,80
6000001B,1394,683,269,341
6000002A,810,483,190,254
6000003A,1543,847,304,465
6000004A,836,475,160,260
6000005A,873,507,209,253
6000006A,1095,604,237,320
6000007A,1094,622,227,316
6000009A,857,484,201,237
6000011A,1321,591,239,287
6000013B,1296,707,257,382
6000015A,791,410,216,154
6000017A*,26,10,9,1
6000018A,1155,687,263,354
6000019A,562,316,116,171
6000020A,866,531,213,275
6000035A,676,382,148,203
6000040A,1420,693,318,293
6000050A,541,268,89,160
6000052A,270,104,25,66
6000053A,1065,547,198,287
6000054A,806,450,186,203
6000055C*,213,37,11,22
6000057A,1517,872,309,433
6400002A,1356,827,462,299
6400003A,1420,828,465,317
6400006A,1467,809,447,296
6400011A,1576,908,493,356
6400012A,1245,721,347,317
6400013A,1053,625,329,266
6600001A,1018,494,371,89
6600003A,1100,614,450,121
6600005A,1021,568,351,189
6600006A,916,492,346,102
6600008A,920,431,292,93
6600010A,1390,789,528,199
6600011A,1048,578,396,126
6600013A,1710,1023,649,291
6600016A,1643,895,569,232
6600019A,1590,827,541,217
6600024A,1288,702,480,147
6600026A,1288,701,397,221
6600031A,1586,854,529,244
0950001A,1487,790,242,408
0950005B,1177,532,140,298
0950008A,1284,706,219,390
0950009A,1342,629,178,355
0950011A,745,384,100,243
0950012A,1269,664,143,413
0950013A,1620,872,235,476
0950013B,1214,634,144,350
0950015A,1428,602,260,262
0950016A,1332,706,147,454
0950018A,611,309,38,225
0950019A,1434,608,187,333
0950022A,1120,491,151,272
0950027A,1499,601,197,315
0950031A,1448,825,175,513
0950032A,1448,837,179,517
0950035A,995,463,103,282
0950040A,959,541,119,338
0950042A,1142,518,106,345
0950131A,1186,613,141,358
0950132A,1358,675,139,424
0950134A,1308,795,169,488
0950135A,1386,723,200,380
0950137A,895,496,165,223
0950139A,1417,734,189,394
0950142A,1488,648,164,400
0950144A,1555,698,148,461
0950146A,1343,694,166,433
0950151A,1519,675,170,394
0950154A,1365,571,194,286
0950155A,1489,669,234,351
0950157A,1124,452,158,226
0950158B,1435,746,184,476
0950160A,1363,599,136,385
0950161A,1330,650,159,410
0950162A,1105,582,134,372
0950163A,1172,611,153,362
0950166B,850,427,70,273
0950175A,1377,692,139,452
0950177A,1573,855,178,551
0950178A,1556,780,177,470
0950180A,1021,612,123,390
0950181A,998,582,118,381
0950182A,1138,632,149,382
0950184A,1404,674,161,402
0950186A,911,421,70,275
0950187A,1132,619,134,368
0950189A,1041,540,117,352
0950191A,1027,560,120,349
0950193A,1103,553,128,344
0950194A,974,559,137,338
0950198A,1335,656,133,403
2550002A,1366,793,241,454
2550004A,947,408,115,216
2550006A,1429,777,184,485
2550008A,1244,669,174,396
2550010A,876,456,129,270
2550011A,1342,659,176,352
2550014A,1025,526,156,293
2550015A,1305,712,203,411
2550017A,1425,574,193,300
2550018A,1116,512,177,253
2550020A,1357,725,265,362
2550024A,927,475,142,272
2550025A,1206,644,208,350
2550026A,1365,712,209,416
2550027A,923,438,187,198
2550028A,906,449,220,176
2550029A,923,496,177,251
2550032A,1538,758,283,362
2550035A,826,435,162,221
2550036A,955,502,200,248
2550037A,1573,748,276,378
2550039A,914,443,291,108
2550040A,1278,645,182,397
2550041A,933,445,156,231
2550042B,1510,687,291,319
2550043A,1218,506,183,267
2550044A,910,459,209,199
2550046B,1143,391,191,164
2550048C,1537,519,289,167
2550049A,1377,641,256,315
2550050A,956,461,199,208
2550052A,1040,587,206,308
2550053A,1002,483,199,246
2550054A,1088,567,219,276
2550056A,1650,579,234,272
2550058A,1210,534,270,212
2550059A,1255,464,164,263
2550060A,1439,676,247,335
2550061A,1315,489,223,203
2550062A,1264,430,238,144
2550065A,1114,489,178,238
2550067A,1387,661,300,284
2550069A,1353,588,240,284
2550070A,1503,605,154,364
2550071A,1235,448,241,168
2550073A,1094,469,207,210
2550074A,1424,525,293,169
2550075A,1570,590,189,334
2550079B,984,441,91,298
2550080B,1179,611,119,416
2550081A,1647,658,210,369
2550086A,1206,498,187,257
2550088C,1381,485,212,213
2550089A,1658,671,288,297
2550090A,1105,431,178,203
2550091A,1384,535,218,232
2550094A,1267,589,226,308
2550095A,1508,502,230,215
2550097B,1262,488,199,222
2550098A,945,447,131,258
2550108A,1406,577,184,332
2550111A,1342,530,176,301
2550116A,1300,608,177,370
2550117A,1404,502,271,173
2550118A,1314,489,172,262
2550119A,1527,531,222,253
2550120A,1431,590,202,322
2550121A,1391,478,256,172
2550123A,1275,514,234,215
2550125A,1540,689,342,270
2550127A,1181,380,196,148
2550129A,1399,557,151,327
2550130A,1002,514,124,310
2550131A,1276,506,210,225
2550135A,1403,623,256,273
2550140A,1308,517,212,250
2550149A,749,423,152,219
2550150A,934,463,228,181
2550151A,1468,893,334,460
2550178A,1112,620,224,308
2550178B*,2,1,1,0
2550183A,1286,551,219,257
2550190A,1466,478,247,178
2550192A,926,488,154,269
3150001A,743,393,91,226
3150004A,1387,799,143,489
3150009A,1330,684,137,428
3150012A,428,248,50,150
3150012B,878,457,96,269
3150013A,1304,739,139,472
3150016A,1383,775,146,473
3150018A,1039,521,123,300
3150021A,1355,730,175,431
3150023A,621,334,67,174
3150025A,1088,560,126,284
3150037A,1618,850,171,500
3150040A,1661,806,189,472
3200001A,950,522,182,271
3200004A,787,452,123,257
3200007A,1224,631,174,328
3200008B,1334,717,185,402
3200010A,1277,683,170,421
3200011A,1318,533,147,303
3200014A,931,477,121,279
3200019A,1332,671,175,389
4610001A,1133,515,102,325
4610022A,1293,588,151,342
4610025A,737,362,109,181
9000240A,1567,655,199,399
9000262A,1111,602,130,369
9000263A,827,448,110,271
9000317A,1550,474,108,293
9000326A,1155,596,154,368
9000369A,1357,815,159,563
9000395B,1459,473,124,282
9000466A,1458,802,160,541
9000481A,1388,522,173,256
9000495A,1312,462,126,265
9000530A,1296,561,176,284
9000546A,1199,402,147,195
9000551A,1074,472,222,193
9000580A,1388,533,150,320
9000591A,1211,629,156,401
9000600A,1281,716,203,433
9000603A,962,400,116,227
9000610A,816,383,103,228
9000658A,1076,555,165,298
9000684A,798,458,116,264
9000687A,1104,537,132,336
9000690B,806,405,118,246
9000694A,1525,768,187,486
9000697A,1082,607,135,375
9000699C,1417,758,200,465
9000700A,667,335,84,188
9000700B,1150,603,150,372
9000712A,1127,655,144,423
9000715A,805,415,77,272
9000724A,1462,511,201,234
9000734A,1319,602,167,354
9000750A,1363,531,139,302
9000752A,1175,614,142,389
9000758A,1261,656,152,398
9000784A,1100,505,252,173
9000819A,1274,616,140,404
9000826A,1204,645,190,394
9000844A,1571,690,212,392
9000852A,1181,644,160,407
9000866A,1660,942,226,625
9000874A,1250,559,140,337
9000879A,1115,616,146,403
9000894A,1563,577,162,338
9000964A,1458,639,167,368
9001128A,1652,681,170,407
9001184A,1086,562,127,350
9001191A,1053,610,106,411
9001232A,1577,630,200,326
9001267A,983,467,143,274
9001647A,1553,569,182,308
9001759A,990,553,134,343
9001796B,1395,443,116,257
9001824A,1213,582,161,342
9002046A,1114,503,127,312
9002171A,796,452,127,265
9002476A,516,272,78,162
9002533A,381,176,37,115
9002607A,759,282,64,171
9002745A,1233,651,141,440
9003814A,1052,420,105,272
9004237A,1242,621,139,422
9004239A,1367,630,186,375
9005117A,1429,653,184,372
9005118A,1469,521,160,287
9005124A,827,353,96,201
9006305A,1382,658,162,413
9007346A,212,87,35,36
7770001A,698,371,164,179
7770002A,1027,602,265,297
7770002B,1166,660,348,255
7770011A,1131,624,296,273
7770013A,1131,629,263,293
7770080A,995,512,218,257
0070001A,925,450,176,219
1000001E,1303,676,313,286
1000006A,1478,819,430,280
1000007A,1384,760,398,274
1000008A,1181,686,372,252
1000009A,586,306,141,133
1000010A,876,434,231,164
1000011A,639,331,193,101
1000012A,961,544,272,211
1000013A,1291,593,308,208
1000016A,1243,702,417,214
1000033A,1019,524,262,196
1000075A,989,559,314,202
1000076A,1306,746,354,296
1000077A,955,557,279,212
1150002A,488,244,124,99
1150012A,647,384,207,144
2780002A,1325,766,314,376
7760001A,555,332,191,114
9000025A,1520,649,363,219
9000028A,1230,643,350,204
9000030A,1011,567,270,239
9000031A,999,522,251,183
9000032B,1555,804,496,195
9000033A,900,535,286,206
9000034B,1090,562,304,211
9000042A,1670,647,403,166
9000062A,1236,464,290,116
9000063B,1265,483,322,93
9000064A,1449,621,390,156
9000065A,1139,644,412,162
9000071A,1261,516,318,136
9000084A,1164,668,369,226
9000092A,1321,654,381,202
9000096B,1199,591,345,188
9000098A,1627,615,407,118
9000099B,1386,542,361,130
9000100B,1682,685,410,201
9000115A,1281,482,321,117
9000118A,1437,663,374,213
9000128A,1052,447,286,120
9000129C,1618,635,406,148
9000131A,1571,645,402,148
9000132A,1407,629,423,140
9000158A,1297,623,354,201
9000174A,874,388,250,92
9000175A,1212,564,315,158
9000176A,1347,740,426,249
9000180A,1482,556,386,109
9000181A,1285,525,332,122
9000182A,1422,705,467,157
9000187A,1462,633,406,137
9000189C,1087,485,297,139
9000191A,1097,518,277,190
9000203A,1284,658,391,186
9000206A,1603,636,401,168
9000207B,861,448,262,144
9000213B,958,423,243,142
9000225A,1089,495,273,151
9000228A,1355,654,385,194
9000229A,1214,712,405,232
9000230A,1052,528,286,165
9000234A,1234,602,335,215
9000236B,1312,652,390,187
9000246A,1495,695,380,229
9000250B,1427,580,361,154
9000254A,1184,612,399,150
9000255A,1301,589,380,152
9000257B,1274,629,405,151
9000259A,1420,712,466,170
9000270A,1186,578,311,201
9000318B,1316,631,349,223
9000359B,1355,501,316,134
9000393A,1934,846,559,187
9000401A,821,439,221,165
9000414A,1605,647,443,130
9000414B,1374,612,366,180
9000419A,1649,710,455,170
9000423B,1356,676,424,171
9000525A,1044,368,239,89
9000557A,1279,560,351,146
9000559A,1194,419,266,109
9000624A,1172,669,360,255
9000689A,1403,634,373,175
9000711A,1669,663,436,150
9000742A,1349,734,481,173
9000755A,1145,474,287,133
9000780C,1526,652,457,127
9000801C,907,438,250,123
9000804A,1419,624,404,112
9000837B,1260,549,345,151
9000920A,1185,541,298,186
9001019A,792,373,223,99
9001021A,1379,684,392,207
9001027A,568,337,194,108
9001036A,1334,814,423,310
9001037A,1410,804,437,294
9001039A,1491,772,464,254
9001041A,658,398,255,106
9001044A,1178,655,352,219
9001049A,904,432,184,175
9001060A,877,501,312,137
9001070A,836,394,227,126
9001073B,1373,748,457,213
9001074A,1354,733,437,227
9001090A,1229,642,421,156
9001091B,1135,649,394,200
9001690B,1130,440,271,124
9001695A,1045,477,245,165
9001758A,1615,585,334,175
9001808A,1327,505,270,189
9001825B,1414,599,345,195
9001877A,1912,684,464,116
9001892A,1690,781,511,179
9001893A,1446,549,323,135
9001999A,1597,776,433,263
9002123A,1286,561,312,174
9002125B,1397,536,338,138
9002307A,1844,591,401,115
9002315A,1232,439,293,84
9002414A,1333,432,284,93
9002772A,945,497,245,183
9003122A,1200,598,309,217
9003128A,964,497,241,193
9003129A,1158,578,291,230
9003218B,1340,612,356,184
9003465A,426,213,138,59
9003600A,1249,617,342,206
9003626A,1466,656,377,217
9003681A,1362,543,346,126
9003683A,1119,470,279,122
9004210A,1040,454,269,132
9004217A,1182,629,288,278
9004240A,1622,615,398,147
9005520A,1023,500,281,159
9006260A,1237,523,299,174
9006267A,1258,610,336,223
9006268A,1024,378,168,152
9006274A,1295,606,348,202
9006276B,936,119,99,8
9006279A,914,492,246,190
9006288A,1222,658,343,264
9006293A,1363,512,301,151
9006297A,986,414,271,113
9006405C,1030,426,269,105
9006406A,1302,502,329,100
9006410A,889,296,158,88
9006416A,1484,735,378,286
9006421A,928,501,265,184
9006427A,1483,566,381,122
9006428A,1296,499,330,111
9006429B,1551,653,390,203
9006432B,1383,607,345,207
9006438A,1415,510,357,86
9006440A,1523,684,463,143
9006441B,1618,621,419,134
9006445A,1541,724,461,183
9006445D,1258,627,335,119
9006447A,1287,616,297,247
9006450A,1244,602,315,216
9006452A,1017,527,282,172
9006453A,1195,617,314,230
9006462A,1184,420,270,89
9006463B,1223,590,363,164
9006468C,1108,589,344,177
9006471A,873,373,231,108
9006473A,1373,481,276,147
9006482A,1175,606,331,217
9006483A,1189,601,296,229
9006487B,1424,754,402,263
9006490A,1578,768,438,246
9006492A,1071,534,290,172
9006500A,1355,624,359,204
9006601A,1403,687,415,229
9006602A,1483,744,399,287
9006606C,966,502,283,172
9006611A,1221,523,316,144
9006614A,991,443,269,117
9006615A,1188,551,324,171
9006618B,1302,749,446,201
9006620C,1079,530,298,173
9006623C,734,387,216,135
9006624A,1319,660,435,147
9006625A,1100,452,277,115
9006626A,1034,481,265,145
9006632C,1250,541,311,166
9006651A,1300,546,261,194
9006651B,953,479,248,152
9006652A,1172,573,365,161
9006656A,1426,636,394,163
9006660B,803,416,225,148
9006666B,932,399,222,126
9006667A,1585,742,459,208
9007674A,1012,492,288,133
9007807A,1337,479,282,137
9007825B,1304,604,366,192
9007843A,1379,559,334,172
9007847A,1502,586,365,147
9007852A,1329,495,284,159
9007857B,582,264,164,58
9007864A,1762,498,356,84
9007883A,1142,480,272,146
9007886A,1608,697,455,171
9007888A,1112,407,226,142
9007902A,1439,708,448,176
9007913A,1359,616,334,217
9007927A,859,417,234,136
9007928A,678,297,147,127
9007935A,1449,723,431,234
9007939A,1054,485,282,152
9007947B,1124,458,267,131
9007954B,847,400,241,108
9007971A,1401,679,377,221
9007975B,948,432,200,185
9007985A,1062,536,302,149
9000058A,1354,642,218,305
9000072A,1313,583,188,312
9000073A,1312,690,229,325
9000082A,1474,751,240,392
9000083A,1555,793,288,362
9000086A,1063,549,186,269
9000088A,1307,366,109,193
9000089A,1287,550,186,292
9000102A,1228,584,175,315
9000127A,1390,573,187,302
9000135B,1487,570,215,266
9000136A,1442,601,222,291
9000137A,1667,722,234,366
9000140A,1447,611,197,323
9000142A,1453,633,187,341
9000148A,1415,654,230,327
9000149A,847,353,139,159
9000151A,1374,542,174,269
9000153A,1404,628,211,314
9000154B,1344,727,254,342
9000155A,1371,614,231,291
9000155B,1484,651,251,310
9000157B,1211,520,154,272
9000160A,921,458,159,215
9000172A,1085,495,180,244
9000177A,989,512,179,265
9000178A,1232,516,199,244
9000192A,1269,603,209,306
9000193A,1390,594,195,307
9000197B,1132,459,149,239
9000201B,1263,559,169,298
9000205A,1352,557,170,319
9000214A,1584,700,306,273
9000215B,1428,551,225,233
9000231A,1400,716,257,354
9000251A,886,515,187,226
9000260A,962,525,173,262
9000268A,1476,726,259,358
9000307A,1253,616,243,275
9000335A,1089,414,123,229
9000347A,1327,576,208,275
9000348C,1135,534,203,241
9000356A,1267,598,203,282
9000358A,1294,645,194,335
9000363A,895,413,158,167
9000364A,909,465,179,202
9000365A,974,488,178,223
9000377B,912,441,142,229
9000385A,1704,732,221,397
9000386B,1163,461,138,247
9000398A,919,428,137,231
9000399A,1554,689,274,321
9000400A,1303,443,134,244
9000402A,1564,764,281,357
9000404A,980,399,130,205
9000405A,904,371,113,196
9000406A,1010,343,101,176
9000406B,1252,394,132,204
9000408A,1202,462,150,241
9000410A,798,462,170,205
9000411B,734,325,110,145
9000415A,1381,415,122,216
9000417A,1145,552,182,285
9000422A,1338,693,268,304
9000425A,1511,782,306,365
9000428A,1006,592,242,243
9000436A,1207,557,193,260
9000442A,943,418,137,211
9000443A,881,396,140,207
9000469A,1374,586,188,321
9000490A,1381,573,176,286
9000492C,1254,698,332,247
9000494A,1476,626,241,294
9000496A,985,323,91,186
9000503A,1383,469,156,239
9000506A,1556,636,190,355
9000508A,1066,478,158,230
9000511A,1114,510,219,200
9000549A,1667,632,201,341
9000553D,1460,578,206,283
9000562A,1459,581,211,271
9000563A,1469,596,212,301
9000568A,1249,463,156,216
9000572A,1411,649,257,278
9000575A,1608,349,113,180
9000578A,1467,606,205,326
9000581A,1462,635,189,347
9000596A,1399,680,255,319
9000606A,1158,559,206,244
9000611B,992,488,156,218
9000613B,1508,697,241,349
9000668B,879,364,131,182
9000709A,1005,317,88,185
9000727A,1421,650,225,320
9000737B,1131,458,156,228
9000745B,1599,773,308,330
9000751B,1616,665,238,332
9000756A,1211,630,225,304
9000773B,1574,680,225,345
9000777B,1154,612,192,300
9000799A,1117,605,208,282
9000805A,1315,509,166,240
9000841A,571,299,120,129
9000951A,1438,703,271,295
9000956A,933,413,159,184
9000988C,1384,621,248,270
9000990A,1423,656,312,250
9001002B,1282,659,227,331
9001015D,1297,562,194,281
9001016A,1332,651,272,284
9001052C,1313,733,281,325
9001063A,1376,622,228,276
9001064A,1270,562,183,294
9001080A,1285,727,235,351
9001083A,944,499,177,234
9001084C,1282,595,237,252
9001085B,1189,620,225,291
9001092A,1307,604,223,276
9001095C,1380,700,269,321
9001099A,609,320,109,156
9001103A,1125,626,206,312
9001109A,1507,831,289,420
9001113A,1156,655,217,346
9001120A,1550,772,310,348
9001122A,901,496,158,242
9001126A,1683,790,288,357
9001127A,1524,921,271,512
9001133A,844,517,191,248
9001152A,1583,747,318,264
9001157A,1092,573,256,218
9001158A,1425,701,311,281
9001164A,989,629,197,330
9001167A,1295,535,234,224
9001173A,1416,735,290,329
9001174A,743,422,133,201
9001176B,493,293,99,151
9001177D,695,374,131,189
9001178A,1112,589,229,270
9001180A,953,515,219,218
9001187A,1399,777,263,373
9001200A,744,407,148,198
9001203A,1317,663,263,290
9001207A,1108,635,246,302
9001640A,1570,643,235,302
9001665A,1268,629,223,276
9001666A,1455,625,223,285
9001900B,1397,487,169,250
9001924B,1432,609,225,257
9001926C,1488,725,287,313
9001928B,1300,686,269,309
9001931A,1213,635,259,302
9002131A,1427,698,229,362
9002267A,1406,673,240,316
9002269A,1522,487,151,253
9002314A,1162,331,122,161
9002320A,1170,496,164,254
9002321A,1481,558,156,291
9002704A,956,416,151,214
9002754A,1126,418,131,233
9002851A,1096,503,202,205
9002873B,1416,557,224,243
9002875C,534,239,87,110
9003228A,1437,683,284,277
9003238A,1006,473,208,205
9004201A,1052,403,116,225
9004204A,1445,487,153,248
9005107A,856,379,126,187
9005136A,1007,377,145,158
9005139A,1465,629,296,244
9005140A,1218,617,238,297
9005142A,1308,644,279,289
9005145A,1250,639,227,299
9005147A,1213,455,194,174
9005151B,925,443,186,191
9005152A,1250,579,220,264
9005155A,1484,675,283,296
9005159A,1350,717,282,310
9005183B,1466,659,223,318
9005187A,1242,522,173,257
9005188A,1476,680,235,328
9005189A,1461,476,157,238
9005196A,1192,576,201,288
9005199A,1011,453,139,235
9005374B,683,341,137,169
9005530A,1393,533,198,218
9005549B,1551,693,259,330
9007101E,1257,434,145,222
9007129B,1050,468,190,203
9007131A,1360,704,268,340
9007132A,1397,785,292,365
9007803A,1361,612,221,275
0550001A,244,71,50,19
0550001C,229,106,78,17
0550002A,790,413,240,141
0550006B*,263,47,20,21
0550008A,1113,502,332,122
0550009A,1263,558,343,167
0550010A,1211,582,372,152
0550010D,574,229,133,66
0550010E,271,73,55,13
0550011A,1189,607,266,277
0550012A,1050,509,331,143
0550023C*,204,12,9,3
0550024A,1028,428,285,104
0550025B,518,228,154,63
0550073A,920,407,228,140
0550076A,669,245,132,81
0550076B,1238,582,332,201
0550078A,1237,319,217,82
0550079A,1054,439,215,176
0550080A,1289,644,345,228
0550081A,374,176,76,93
0550084B,945,477,248,184
0550085A,990,556,264,194
0550086A,623,372,157,184
0600001A,1083,542,399,85
0600002A,1156,550,400,102
0600006A,1094,545,384,115
0600007A,866,393,302,51
0600008A,974,505,362,87
0600009A,1121,527,364,106
0600010A,950,437,325,68
0600012A,1173,524,362,112
0600013A,1238,528,396,88
0600014A,1132,568,392,116
0600016A,1065,463,337,79
0600017A,498,227,159,51
0600019A,1181,559,393,113
0600020A,1179,604,435,120
0600021B,833,351,267,43
0600024E,1234,643,472,105
0600025A,739,341,250,59
0600026A,975,508,390,83
0600027A,1118,553,417,87
0600028A,962,423,306,86
0600029A,1156,579,450,88
0600030A,803,374,280,60
0600030G*,1,1,1,0
0600034A,1018,457,319,59
0600035A,1100,474,341,90
0600036A,931,465,340,75
0600037A,1183,539,400,99
0600041B,1020,505,370,95
0600052A,1055,486,364,77
0670005A,799,361,285,51
0670006A,1077,505,387,77
0670010A,697,335,246,52
0670141A,1425,682,498,117
0670143A,1426,662,482,124
0670144A,1292,633,455,122
0940002A,543,267,86,153
1100001A,561,296,206,50
1100004A,659,350,255,64
1100005A,626,303,218,53
1100007A,1056,534,378,108
1100026A,1172,607,300,239
1100028A,1405,724,371,269
1100040A,1192,584,320,212
1100072A,566,282,165,95
1100073A,1074,562,323,177
1100076A,1108,629,366,198
1100077A,975,470,305,121
1100081A,924,485,288,158
1100083D,709,259,161,70
1100084A,785,411,238,125
1250005A*,174,36,9,26
1250083A*,195,49,18,26
1500003A,762,464,235,183
1500008A,963,497,250,180
1500009A,888,508,238,223
1500012A,1201,596,299,230
1500014A,1285,594,311,207
1500016B,1041,522,274,206
1500022A,1209,613,355,189
1500024A,1210,615,338,199
1500024F,173,63,30,24
1500025A,1166,485,294,153
1500027A,552,251,120,110
1500029A,1131,491,263,181
1500031A,1285,697,312,317
1500035A,1164,546,282,207
1500036C,1050,534,249,236
1500037A,1219,617,278,280
1500056A,1548,751,394,292
1500074C,1292,711,299,355
1500078A,1251,623,315,256
1500082A,1001,501,265,185
1500084A,865,497,179,261
1500086B,1210,563,351,157
1500089A,1186,612,355,204
1500090A,743,358,215,117
1500093A,1427,631,379,207
1900001A,1421,686,518,91
1900002A,954,468,263,132
1900005A,843,423,255,124
1900006A,1110,578,315,205
1900007A,1319,773,349,346
1900008A,972,529,313,155
1900009A,1306,693,387,233
1900012B,1226,673,322,290
1900015B,1405,653,430,151
1900021C,1026,552,266,237
1940001A,1035,504,376,74
1940002A,1079,568,338,168
1940004A,443,248,110,110
1940008A,886,445,326,76
1940011A,1054,559,252,236
2100014A,815,347,275,45
2100019A,1166,518,373,92
2100021A,1058,514,357,106
2100027A,1096,423,285,80
2100029A,702,289,216,43
2100030A*,93,14,10,4
2100033A,624,283,197,46
2100034A,437,179,117,36
2100034C,926,385,291,48
2100119A,848,353,262,54
2100120B,999,459,364,54
2100121A,794,371,273,62
2100122B,1263,546,410,80
2100126A,988,567,452,80
2600001A,1026,624,197,385
2600002A,1241,701,281,369
2600007C*,5,1,0,1
2600008A,1256,754,167,557
2600008D*,4,1,0,1
2600009A,1174,740,175,524
2600010A,1191,727,223,459
2600011A,1304,650,259,331
2600016A,996,587,174,367
2600018B,806,468,114,324
2600019A,1504,881,325,483
2600022A,1323,644,317,273
2600023A,647,362,108,232
2600025B,796,441,191,214
2600026A,799,453,170,238
2600027A,905,503,248,197
2600028A,944,513,245,228
2600034A,578,292,141,122
2600040A,841,533,212,280
2600058A,1274,765,239,466
2600059A,980,542,178,315
2600061A,984,547,245,263
2600062A,1212,769,155,563
2600063A,1179,676,157,475
2600064A,1195,634,211,372
2600067A,1025,569,234,267
2600096A,1376,776,330,366
2600097A,1207,642,352,227
2600098A,732,371,123,219
2600104A,1198,659,159,454
2600106A,1114,630,270,303
3000003A,768,406,264,92
3000004A*,152,15,12,2
4400019A*,161,29,19,7
5500007A,507,278,172,69
5500011A,657,342,208,101
5500098A,1182,614,401,166
5500099A,1038,596,373,162
5500100A,985,477,296,132
5500102A,770,387,241,114
5500105A,631,370,174,160
5900001A,213,102,18,70
7410010A,683,351,254,68
7410011B,715,333,247,64
7410015A,875,400,298,63
7410016A,962,515,382,97
7410017A,1080,576,439,94
7410020A,1115,534,324,137
7410025A,1126,585,439,92
7410027A,782,390,262,84
7410029A,1159,651,457,148
7410086B,646,300,232,51
7410110B,1123,558,378,122
7410130A,628,319,234,60
7410150A,1373,682,458,160
7410152A,226,65,41,20
7410154A,618,305,208,71
7700001A,1050,503,309,136
7700002A,871,389,227,122
7700003A,878,474,313,123
7700004A,1026,575,308,204
7700008A,588,291,167,89
7700008B,1164,589,325,216
7700011A,960,522,305,160
7700012A,909,470,247,167
7700012C,1032,544,316,180
7700014B,1167,530,329,131
7700015B,924,468,272,145
7700016A,1187,629,384,174
7700019B,804,396,210,133
7700020C,876,463,200,224
7700022A,1026,579,335,181
7700024A,812,450,217,188
7700024B,660,324,164,124
7700026A,1192,659,367,240
7700027A,922,445,234,168
7700028A,771,384,232,104
7700031A,976,511,309,156
7700033A,1295,644,391,188
7700037A,1023,506,331,127
7700038A,1047,509,317,148
7700039A,825,357,209,113
7700040A,1378,638,394,158
7700140C,968,529,302,167
7700141A,1161,534,325,140
7700142A,1225,548,345,154
7700143A,1308,667,389,225
7700144A,925,439,273,126
7700145A,915,465,289,139
7700148A,1011,506,289,169
7700150A,1005,537,332,149
7700153A,1453,742,474,205
7700154A,665,303,183,99
7700158A,1105,533,347,136
7700165A,1079,495,195,243
0150001A,999,505,121,345
0150003B,911,344,59,256
0150004A,1301,659,215,368
0150007A,1455,576,123,376
0150008A,1327,585,100,428
0150011A,1336,696,137,495
0150012A,1219,520,84,373
0150014A,1360,470,100,318
0150015A,1018,462,137,272
0150016F,913,502,160,297
0150018A,897,452,88,325
0150021A,1057,466,106,313
0150022A,913,473,95,333
0150023A,1234,580,115,418
0150024A,821,337,50,257
0150025A,1108,392,65,284
0150030A,1341,559,103,388
0150032A,1278,587,133,398
0150032B*,14,1,1,0
0150033A,840,364,63,270
0150037A,1128,550,116,390
0150039A,1499,575,112,394
0150041A,644,239,48,169
0150041B,743,327,75,221
0150042A,908,380,95,261
0150044D,803,267,39,190
0150045A,755,264,76,153
0150049A,1232,477,89,338
0150051A,1365,463,98,327
0150055A,990,508,103,350
0150056A,1198,490,100,342
0150059B,1129,435,83,311
0150063A,629,248,39,177
0150064A,1316,645,122,477
0150067A,1013,459,111,266
0150075A,1151,544,145,342
0150079A,1136,487,138,287
0150080A,879,391,123,219
0350001A,935,480,264,191
0350003A,1299,452,137,266
0350005A,1174,523,262,220
0350007A,1085,484,238,189
0350008A,1234,600,281,256
0350009A,1374,636,273,303
0350013A,1189,563,264,256
0350018A,1336,641,357,240
0350023A,1497,560,191,306
0350024A,1522,587,200,323
0350029B,1249,497,237,213
0350030A,1323,531,197,272
0350035A,1015,421,182,192
0350037A,1199,500,177,267
0350038A,1225,555,224,272
0350042A,1327,490,144,293
0350045B,1330,500,180,252
0350048A,1108,455,178,231
0350054A,1205,547,218,266
0350058A,1300,566,212,302
0350062B,1242,550,200,296
0350079A,1283,524,186,287
0350104A,1381,600,250,277
1940005A,1073,515,184,276
1940007A,541,300,144,119
1940010A,1125,603,265,301
1940013A,838,410,173,202
2040001A,1143,475,137,288
2040003A,1251,509,130,330
2040004A,1103,538,162,320
2040010A,1172,468,145,286
2040012A,1254,580,196,321
2040015A,671,327,131,175
2040016B,1078,451,153,250
2040017A,361,204,69,122
2040019A,1172,565,199,294
2040021A,1055,519,183,300
2100001A,1083,507,102,337
2100005A,924,444,84,303
2100006B,1031,552,108,387
2100008B,1302,531,113,364
2100013A,1040,457,82,317
2100017A,929,481,113,304
2100018A,1173,445,88,304
2100024A,701,302,77,201
2100026A,754,338,60,252
2100039A,1130,418,73,277
2100039B,366,135,21,95
2100040D,1075,479,81,335
2100041C,448,200,36,146
2100047A,1122,528,132,353
2100053A,954,422,97,271
2100101A,983,419,136,241
2100103A,1294,596,144,384
2100104A,1158,551,173,321
2100105A,1125,564,158,336
2100106A,1217,533,140,342
2100110A,950,422,96,284
2100112A,935,338,75,227
2100113A,1210,502,101,342
2100115C,268,93,19,70
4450010A,846,473,107,323
4450013A,753,387,102,251
4450074A,1028,474,120,305
4450092A,911,429,81,315
4500001A,1280,427,78,289
4500003A,794,357,81,241
4500005A,1303,551,152,352
4500007A,985,336,64,232
4500009A,1337,582,151,370
4500010A,1223,541,97,384
4500014A,537,137,31,90
4500016A,1096,445,87,311
4500017A,1161,523,106,357
4500019A,960,442,81,331
4500021A,1337,345,63,238
4500023A,258,101,24,63
4500023B*,280,55,6,41
4500023D,800,322,76,210
4500025A,1473,740,173,475
4500026A,1099,521,86,377
4500030A,1158,588,116,417
4500031B,1210,422,73,280
4500032A,768,397,102,253
4500034A,806,280,66,180
4500034B,1123,391,61,276
4500035A,1251,542,109,390
4500044A,1319,599,151,380
4500047B,1031,319,66,188
4500050A,638,190,53,111
4500052A,836,427,95,286
4500090A,1105,570,86,420
5750001A,1242,518,141,326
5750003B,672,295,65,185
5750006A,1529,623,134,409
5750007A,729,314,75,202
5750010A,1062,501,109,346
5750012A,1391,657,155,423
5750014A,1122,511,98,352
5750015A,1025,323,40,238
5750015C,667,211,26,149
5750019A,701,300,55,207
5750020A,911,323,52,224
5750023A,1286,556,114,388
5750026A,924,297,49,199
5750027A,1076,369,61,258
5750030A,734,239,38,165
5750033A,886,275,58,177
5750035A,937,353,54,245
5750050B*,56,13,5,8
5750073A,922,308,52,206
5750074A,912,318,46,211
6100002A,1094,623,256,324
6100007A,1158,675,263,349
6100008A,1092,572,175,352
6100010E,723,422,172,219
6100012A,1128,482,98,328
6100015A,1438,606,158,386
6100017A,945,435,124,262
6100018A,1187,543,114,374
6100023A,810,373,100,223
6100025A,989,346,84,221
6100026A,1379,567,118,394
6100031B,980,350,59,251
6100034A,1013,404,92,264
6100043A,1122,461,131,286
6100050B,969,376,67,242
6200001B*,7,1,0,1
6200003B,1515,746,299,381
6200005A,1203,594,312,228
6200006A,941,455,228,187
6200007A,1281,653,292,315
6200012A,1195,553,223,274
6200014A,829,412,183,183
6200016A,1234,565,210,299
6530001B,200,84,17,59
6530002A,1060,409,56,310
6650003A,485,224,37,158
6650032A,533,233,62,153
6650032B,221,96,19,70
6650033B,492,211,32,150
6650034A,950,438,79,294
6650035A,936,427,85,304
7050006A,917,358,118,199
7050008B,810,364,96,218
7050011A,647,291,90,175
7050013A,1245,527,187,282
7050016A,966,509,217,249
7050027A,1276,616,224,314
7050037A,1252,555,212,289
7050043A,1016,503,177,269
7050062A,1313,635,236,327
7050066A,1612,761,237,444
7050068A,1044,531,168,314
7050070A,1267,626,256,307
7050072A,872,467,171,250
7050076B,1245,611,203,334
7050077A,1153,555,200,312
0070004A,764,446,220,174
0070004C,405,248,102,127
0070004M*,94,11,2,8
0070006A,1231,716,236,414
0070041A,736,411,153,223
0070207A*,46,16,9,7
0080001B,1187,709,304,343
0080002A,1203,579,206,307
0080012A,1233,716,273,379
0080021B,860,509,208,253
0080025A,1039,623,252,317
0080034A,1083,692,244,374
0080038A,1386,816,334,413
0080047A,823,469,184,237
0080050A,1222,690,271,359
0080052A,1151,659,255,342
0080053A,1555,884,339,432
0080070A,1265,743,303,373
0900001A,700,399,157,184
0900002A,1272,590,151,358
0900003A,624,298,100,145
0900004A,764,367,149,145
0900005A,1108,674,248,320
0900006A,782,414,205,153
0900008A,1105,573,222,257
0900010A,931,443,181,197
0900016B,872,459,149,219
0900018A,647,375,77,242
0900020A,1277,586,178,329
0900023A,1345,682,162,444
0900023B,1006,571,150,342
0900026A,1459,705,193,421
0900030A,1064,586,142,368
0900033B*,10,4,1,3
0900033I,1098,577,132,387
0900036A,1228,554,161,310
0900037G,1241,653,167,404
0900041A,1381,675,173,401
0900046A,1154,550,188,261
1000004A*,190,29,10,14
2400001A*,2,1,0,1
4050002A,803,428,135,241
4050003A,728,409,109,260
4050004A,588,311,89,189
4050014A,914,449,166,230
4050051A,1289,708,259,387
4050057A,920,481,176,263
4050059B,635,341,146,168
4050062A,942,517,148,323
4050063A,967,486,164,282
4050064A,946,527,203,272
4060001A,463,238,87,124
4060003A,652,212,76,110
4060004A*,425,96,28,53
4060012A,559,271,84,165
6250001A,980,516,152,310
6250003C,1104,565,165,346
6250005A,1407,729,130,526
6250006A,1203,656,157,435
6250008A,1225,589,152,386
6250010E,1341,695,129,465
6250011A,1311,624,139,427
6250015B,1406,720,162,485
6250016A,1551,781,187,529
6250017A,1397,752,204,469
6250019A,1843,724,179,465
6250020A,1213,598,115,407
6250024A,884,445,75,316
6250025B,1362,533,71,402
6250026A,1335,675,115,501
6250029A,803,430,127,260
6250032A,1333,647,120,472
6250034A,1373,689,132,501
6250036B,1390,645,138,445
6250041A,1557,668,146,458
6250045A,1473,628,120,431
6250046A,1417,628,103,474
6250050A,1191,531,95,395
6250051A,1446,671,133,467
6250052B,1168,481,82,337
6250053A,1528,643,124,449
6250056A,1333,402,85,255
6250060A,1068,421,71,308
6250061A,1189,566,64,442
6250062A,1074,439,62,333
6250067A,1419,747,84,591
6250069A,1281,583,73,462
6250070A,1179,575,115,409
6250071A,1102,491,59,370
6250072A,1461,786,130,583
6250076B,927,483,81,355
6250078A,945,433,98,296
6250081A,1290,606,96,463
6250083A,1287,694,132,507
6250085A,1359,683,118,508
6250089A,1347,680,146,494
6250092A,1355,612,82,478
6250094B,1168,588,132,393
6250095A,1490,735,181,486
6250098A,1403,695,129,501
6250106A,1469,668,107,490
6250107A,1300,690,148,485
6250110D,1120,548,103,389
6250113A,1642,749,172,485
6250121A,1716,728,147,493
6250125A,1204,594,148,399
6250127A,1266,631,89,477
6250128A,931,462,124,298
6250128C*,78,16,2,13
7100001A,1258,729,220,454
7100002A,1096,595,81,462
7100004B,885,482,68,386
7100006A,726,415,63,324
7100030A,843,469,37,405
7100033A,1058,581,202,329
7750001A,1171,562,82,440
7750002A,1395,775,133,575
7750003A,1124,551,91,404
7750004A,1326,769,97,617
7750005A,1384,686,82,554
7750007A,1442,722,90,574
7750008A,972,502,72,392
7750016A,1318,702,90,552
7750017A,1211,671,65,550
7750021A,1411,738,85,598
7750023A,1331,690,70,563
7750024A,1215,516,79,397
7750026B,1095,494,69,371
7750030A,1181,589,81,446
7750036B,993,448,73,326
7750043A,1249,567,84,437
7750051A,970,506,53,418
7750071A,1475,780,89,637
7750072A,1460,796,105,636
7750077A,909,466,60,364
7750077C,1270,694,94,547
7750078A,1012,471,66,352
9000006A,1534,758,138,540
9000239A,431,155,19,121
9000264A,443,248,73,153
9000267A,1257,671,217,386
9000272A,740,422,103,272
9000311A,1390,616,110,441
9000361A,1038,375,37,293
9000389B,1130,557,66,420
9000458A,1036,429,54,329
9000544A,1378,608,94,445
9000601A,1660,668,77,480
9000642C,829,352,39,279
9000664B,1366,590,97,398
9000725D,1323,515,66,391
9000782A,950,424,84,263
9000838B,1039,474,93,337
9001100A,758,422,127,241
9001190D,1348,610,131,411
9001195A,1118,496,68,370
9001196A,1436,675,108,502
9001212A,1135,675,98,531
9001218A,979,526,155,309
9001219A,739,378,138,201
9001224C,844,416,82,302
9001226A,1086,584,81,455
9001231A,966,485,105,338
9001233A,1216,708,74,577
9001296A,1396,613,96,436
9001299B,1497,661,140,422
9001303A,1543,728,124,509
9001306A,1220,715,247,392
9001307A,1276,686,208,409
9001310A,1257,655,140,456
9001312A,948,447,88,309
9001316A,1435,659,175,416
9001318A,1476,644,130,431
9001326A,1420,648,144,406
9001342A,808,457,115,305
9001343A,1584,783,228,499
9001350A,1087,535,135,348
9001352A,1391,696,216,414
9001354A,500,294,81,180
9001355A,591,327,87,218
9001357A,1019,569,163,340
9001358A,893,500,176,275
9001361A,917,566,117,388
9001364A,741,442,109,293
9001366A,845,430,118,278
9001374A,1194,706,191,466
9001382A,1127,686,184,456
9001391A,1080,591,159,389
9001402A,800,373,133,211
9001408A,670,326,105,169
9001413A,1240,657,187,417
9001418A,941,490,181,265
9001421A,1430,727,120,546
9001426A,1491,547,115,382
9001428A,1503,614,81,484
9001429A,1420,682,79,544
9001433A,1357,552,80,425
9001435C,1279,596,71,478
9001436A,1252,540,84,415
9001436B,919,407,55,306
9001438A,1297,509,111,325
9001441A,1230,496,99,332
9001442A,928,324,57,220
9001444A,1462,523,100,354
9001449A,1343,476,105,315
9001450A,613,313,42,239
9001457A,1361,619,159,368
9001461A,1165,441,137,245
9001463A,1288,480,137,282
9001480A,1325,649,139,414
9001573A,811,277,38,201
9001575A,1321,528,75,400
9001576A,1353,511,77,375
9001578A,1492,410,54,308
9001600A,1189,396,58,300
9001603A,1360,586,80,451
9001605B,1370,522,96,354
9001608A,1410,703,161,465
9001623A,1524,714,238,417
9001630A,1096,432,38,336
9001711A,1127,498,50,403
9001733A,1296,606,98,449
9001951A,1107,477,61,351
9002225A,1117,503,70,380
9002231A,1022,368,112,226
9002232A,1219,582,62,461
9002234A,1050,550,42,452
9002237A,736,289,57,203
9002238A,1045,496,84,357
9002247A,1564,633,93,481
9002250A,1098,423,69,314
9002252A,1212,553,90,393
9002262B,1244,439,64,325
9002265B,1099,492,69,368
9002270A,1187,515,79,385
9002271A,1088,523,69,391
9002273A,1300,594,92,447
9002279A,1113,477,66,365
9002280A,1365,576,83,443
9002283A,1368,583,91,427
9002287A,1428,713,92,540
9002716A,1001,479,100,323
9002766A,744,302,75,204
9002786A,1466,633,89,495
9002907A,481,202,68,117
9003181A,1510,679,165,450
9003206A,525,284,145,103
9003351A,795,345,75,245
9003431A,803,339,128,177
9003468A,504,250,64,165
9003958A,1538,600,99,420
9004216A,942,357,54,266
9004229A,1183,523,62,411
9005300A,1278,507,97,339
9005310A,1333,582,95,437
9005312C,1094,468,60,368
9005313A,1250,594,54,464
9005315A,1179,511,48,405
9005389A,754,354,68,247
9005428A,834,416,121,255
9005816A,1454,556,121,367
9005818A,1459,590,105,380
9005821A,1504,627,121,411
9005826A,1397,714,179,451
9005827A,1376,521,109,332
9005833A,1264,496,102,344
9005916B,796,403,98,266
9005919A,804,375,169,178
9005920A,838,349,84,227
9005921A,780,360,110,219
9005923A,1124,507,168,301
9005924A,1182,542,150,335
9005925A,1109,532,163,332
9005928C,1187,574,159,362
9005931A,1020,551,119,394
9007221A,1244,488,44,380
9007228B,1502,576,75,433
9007230A,1385,572,78,434
9007367A,1327,576,71,457
9007377A,1451,598,146,373
9007382A,1377,646,153,403
9007388A,1330,479,85,332
9007679A,918,384,122,224
9007683A,1042,552,100,410
9007689A,1323,595,159,383
9007693D,1426,642,236,334
9007697A,1411,675,229,369
0850001A,993,406,45,319
0850004A,1123,423,35,350
0850005A,1121,484,59,389
0850006A,1041,472,41,371
0850007A,1223,505,49,415
0850009A,1062,392,42,322
0850011B,952,392,36,319
0850012C,907,367,31,299
0850013A,1126,482,34,378
0850014A,964,407,50,277
0850015B,1110,444,45,351
0850016A,893,440,47,351
0850017A,1142,498,54,383
0850052A,1167,502,46,417
0850056A,926,377,31,306
0850058A,1321,575,49,459
0850061A,1203,521,71,399
2000001A,1029,436,35,332
2000002A,1293,685,60,558
2000003A,1373,644,47,513
2000005A,1036,452,46,359
2000007A,525,217,14,179
2000011A,1274,491,59,391
2000013A,916,389,35,301
2000018C,1269,516,32,424
2000024A,998,404,40,322
2000025A,1239,478,43,370
2000028A,1219,574,53,462
2000028B,1204,495,58,376
2000030A,875,391,45,317
2000032A,1138,484,44,395
2000034B,770,370,28,298
2000038B,1081,442,58,346
2000040A,1101,492,57,373
2000045A,952,452,47,363
2000045B,1159,515,57,384
2000053A,1144,563,51,443
2000062A,822,363,43,281
2000065A,956,408,38,332
2000081A,1088,530,49,415
2000082A,1005,470,43,380
2000083A,1218,585,67,450
2000084A,1088,536,50,416
2000085A,1404,552,57,434
2000088A,909,458,50,365
9000029A,1303,497,76,298
9000055A,791,410,63,297
9000077A,1427,630,80,494
9000243A,1250,540,53,428
9000244A,1272,567,71,402
9000248A,1288,502,64,378
9000249A,848,349,27,276
9000303A,1299,639,121,418
9000319A,1326,623,95,449
9000323A,1322,679,73,539
9000336A,1029,426,50,328
9000357A,1247,643,82,484
9000368C,975,516,71,389
9000371A,1209,473,51,368
9000437A,1364,729,75,568
9000438A,1317,732,106,554
9000444A,925,496,66,384
9000464B,1330,440,57,286
9000477A,1148,503,65,365
9000491A,1341,552,64,424
9000505A,849,485,49,391
9000513A,1346,586,69,429
9000515A,1342,613,65,482
9000522A,1264,590,56,460
9000524A,1195,557,50,440
9000536A,1315,575,54,466
9000589A,1247,626,116,419
9000593A,1329,642,85,494
9000595A,1342,634,79,473
9000597A,1379,713,92,523
9000598A,1269,453,52,347
9000602B,1292,424,66,304
9000605A,1391,553,69,392
9000679A,1295,665,93,491
9000679C,1296,660,85,509
9000760A,1233,658,129,435
9000766A,1134,591,106,379
9000774B,1260,594,92,427
9000779A,1181,638,65,495
9000785A,1036,552,75,396
9000788A,1375,680,88,499
9000795A,1244,587,67,444
9000796B,1546,681,62,532
9000800A,1209,670,109,467
9000803B,1125,577,103,392
9000815A,1013,554,55,434
9000816A,1391,575,74,430
9000817A,1330,662,90,468
9000821A,698,386,41,296
9000829A,1198,609,72,477
9000833B,1207,543,46,439
9000835B,1345,745,95,570
9000843A,1241,591,91,410
9000843B,1037,474,48,378
9000851A,1265,617,82,455
9000855B,1260,690,65,554
9000856A,1255,583,71,436
9000872A,1003,456,57,343
9000882A,1361,661,105,472
9000885A,1155,594,67,450
9000887A,673,367,45,288
9000898A,1246,626,70,476
9000900A,906,345,39,261
9000900D,1253,565,63,440
9000904A,1077,543,66,402
9000907A,1224,608,64,461
9000915A,1208,627,92,481
9000916A,1290,625,74,464
9000918A,855,418,44,319
9000919A,1032,518,77,379
9000922B,1314,555,44,461
9000923A,1161,498,51,376
9000927A,1263,527,51,413
9000929A,1465,688,70,510
9000940B,1234,600,70,477
9000941A,1113,616,64,481
9000946A,1295,583,61,457
9000947A,1507,705,71,562
9000965A,1424,628,59,491
9000966B,1464,550,84,417
9000968A,1749,693,88,470
9000969A,1279,618,82,468
9000970C,1361,621,66,463
9001014A,953,326,47,216
9001023A,1546,550,85,387
9001062A,1325,456,47,363
9001104A,1417,589,73,439
9001210A,1245,557,59,428
9001344B,1033,496,52,393
9001353A,1216,607,72,443
9001419A,1559,648,79,467
9001488B,761,363,50,270
9001577A,1302,600,67,467
9001660A,862,336,44,239
9001664A,1427,481,54,357
9001686A,889,275,35,202
9001735B,1023,550,56,446
9001820A,1557,630,78,451
9001838A,1565,557,81,384
9001839A,1421,548,61,400
9001841A,1134,555,54,417
9002029A,1227,579,64,480
9002053B,1348,596,76,447
9002072D,1222,457,66,320
9002098A,1291,551,57,437
9002169B,1273,603,89,437
9002192A,1402,611,94,415
9002210A,1005,520,94,372
9002248A,1318,597,82,450
9002349A,1344,503,53,383
9002353B,1312,605,65,458
9002648B,1298,550,51,431
9002691A,1119,457,51,353
9002714A,1260,559,84,390
9002780A,1461,712,74,555
9002809A,1131,581,69,432
9002813C,1019,440,53,332
9002843A,1132,304,39,222
9003168A,926,414,55,316
9003518A,1374,551,59,427
9003937B,1109,598,70,462
9003988A,1005,505,54,406
9004090A,1103,462,30,376
9005537A,1342,614,57,505
9005538A,1121,510,43,405
9005541A,1384,576,56,459
9005543C,1340,424,65,286
9006098C,1467,653,64,516
9006302A,938,438,48,358
9006313A,1094,556,68,419
9006315A,1307,638,82,480
9006317A,1099,596,80,421
9006319A,1091,476,62,352
9006320D,1261,576,92,407
9006324A,1306,622,119,412
9006334A,1050,562,100,377
9006335A,1044,570,101,413
9006337A,978,544,89,393
9007434A,1209,633,79,468
2350028A*,177,29,9,18
2350029A*,121,12,7,3
5250001A,1076,500,130,248
5250003A,1559,763,185,441
5250004A,1461,490,136,292
5250005A,924,408,120,233
5250006A,549,168,45,72
5250008B,1163,522,163,268
5250009A,1295,707,237,382
5250011B,1285,560,171,318
5250012A,903,369,114,205
5250013A,1014,517,173,278
5250014A,1239,598,165,338
5250016B,1316,696,198,395
5250017A,580,168,46,110
5250018A,860,310,72,182
5250021A,1337,477,155,256
5250022A,889,343,98,201
5250023A,1337,667,223,365
5250024A,998,385,112,227
5250025A,1149,448,157,242
5250028A,614,181,57,102
5250028D,769,235,67,136
5250029A,1405,592,158,344
5250030A,1199,447,141,244
5250034B,1373,669,176,382
5250038A,1167,576,168,323
5250041A,1204,586,181,347
5250042A,1028,495,147,298
5250044D,690,253,80,138
5250046D,926,400,123,232
5250049A,1443,485,140,283
5250050A,874,418,128,211
5250053A,1350,544,195,298
5250055A,1142,481,127,289
5250057A,720,298,63,206
5250061A,1391,499,125,319
5250062A,1454,558,161,313
5250063A,930,290,87,173
5250065A,981,383,95,209
5250067A,1069,328,91,189
5250069A,1278,546,147,318
5250070A,1428,547,174,307
5250073A,1062,423,103,263
5250076A,1125,464,142,263
5250077A,1201,535,139,327
5250079A,989,528,152,308
5250087C,1000,415,108,210
5250090E*,62,1,1,0
5250096A,1345,532,176,291
5250142A,898,459,137,255
5250143A,837,457,105,258
5250145A,1353,586,164,298
5250147A,758,364,103,181
5250148A,693,339,100,173
5250150A,824,405,103,205
5250151A,881,430,137,197
5250314A,909,407,104,255
5250314B,318,130,38,62
5250318A,1014,502,147,260
5250319A,827,429,142,212
2850001A,1275,602,328,226
2850004A,1161,483,267,168
2850006A,1305,543,310,194
2850009A,828,304,157,115
2850010A,1271,549,323,175
2850011A,1359,588,293,217
2850012A,1330,597,278,235
2850015A,1125,473,246,173
2850017A,1158,474,249,175
2850022A,926,404,229,132
2850025A,1218,526,278,201
2850026A,1318,562,291,218
2850029A,1165,517,269,191
2850050A,1363,641,323,253
9000038A,1058,462,278,134
9000048A,882,370,151,165
9000049A,1256,538,268,189
9000052A,1100,434,194,152
9000053A,1146,438,211,178
9000273B,868,351,199,127
9000275B,900,484,286,156
9000277A,968,504,303,165
9000493A,2003,756,345,276
9000517A,1156,524,245,185
9000582A,1200,566,335,190
9000585A,849,389,222,122
9000608A,1396,512,221,217
9000618A,764,202,95,72
9000731A,1490,682,321,256
9000884B,1500,576,261,188
9000957C,1598,555,267,189
9000989A,1260,401,199,130
9000999A,1621,832,292,249
9001000A,869,325,185,103
9001000C,760,286,164,85
9001008A,1462,568,278,199
9001009A,731,286,147,96
9001047B,1288,522,267,185
9001078A,1060,138,69,46
9001097A,2101,768,371,259
9001098B,577,224,102,78
9001183A,1204,488,264,152
9001288A,1232,458,229,139
9001309A,1349,457,218,135
9001348A,1268,513,237,164
9001372A,1585,109,37,47
9001407B,1225,288,135,97
9001410A,1367,534,288,179
9001469A,1210,547,281,205
9001499A,1586,528,274,185
9001537A,1010,293,154,97
9001541A,1545,563,291,175
9001551A,1146,353,163,134
9001590A,887,292,153,101
9001592A,544,203,108,77
9001621A,1292,719,399,191
9001624A,1432,557,270,180
9001628A,1319,517,271,163
9001631A,1625,513,240,182
9001632B,1283,459,221,156
9001635B,1483,471,233,158
9001656C,1135,332,155,117
9001668A,1943,577,271,213
9001678A,1491,496,243,167
9001685A,1461,416,177,169
9001693A,1439,454,228,140
9001704C,1851,463,205,167
9001714A,1213,542,270,180
9001721A,1197,491,210,201
9001739A,1431,581,308,210
9001742A,1278,426,212,146
9001781B,1418,510,261,170
9001791A,1077,383,179,148
9001798A,938,399,166,180
9001801B,1565,506,255,187
9001804A,1628,708,335,270
9001810A,1510,531,257,208
9001814A,1325,478,232,181
9001846A,1400,564,304,209
9001851A,1136,435,233,145
9001854A,1394,579,323,210
9001855A,1318,475,267,172
9001859A,1356,522,328,144
9001862C,736,334,191,101
9001875A,1066,371,186,140
9001889A,1220,484,278,152
9001890A,1066,409,235,119
9001891A,1221,528,309,175
9001895A,1255,544,316,189
9001899A,745,309,195,97
9001904A,1228,500,268,176
9001905A,1367,579,350,179
9001910H,1230,614,345,217
9002001A,1280,401,210,134
9002001B,613,253,131,102
9002012B,1483,512,248,177
9002017A,1585,651,354,197
9002057A,460,169,104,45
9002089A,1733,133,54,47
9002099A,1377,543,321,157
9002108A,1672,541,279,179
9002122A,1236,473,264,162
9002146A,1562,617,340,192
9002158A,1784,632,313,212
9002159A,2218,745,334,225
9002364A,1435,512,270,168
9002547A,1317,568,256,86
9002629A,462,215,95,85
9002638A,744,308,161,109
9002719D,1259,468,238,178
9002835A,1705,481,242,157
9002839A,470,132,48,62
9002952A,1512,437,207,160
9003184A,1586,518,254,156
9003185A,1356,496,228,176
9003309A,897,337,199,117
9003763A,1389,448,184,181
9003886A,771,145,67,51
9003896A,1636,557,261,187
9003923A,1667,171,81,61
9003951B,1110,326,159,108
9003952A,1221,404,199,145
9003961A,1292,705,238,201
9004120B,660,220,128,61
9004230A,778,394,200,120
9005006A,1270,344,141,122
9005012A,1421,467,234,171
9005014A,1461,526,260,166
9005016A,1728,600,280,196
9005022A,1862,546,240,174
9005400A,1529,591,306,191
9005401A,1261,423,215,142
9005405A,1355,610,330,183
9005769B,1444,468,245,148
9007015A,1597,264,119,92
9007016A,2066,752,349,197
9007107A,1142,434,227,170
9007114A,1163,560,317,187
1600001A,977,470,75,335
1600002A,1569,833,184,551
1600003A,1067,582,116,398
1600004A,1203,615,111,426
1600005A,950,527,80,381
1600007A,1337,743,171,486
1600008A,1258,673,138,477
1600011A,1270,633,110,434
1600013B,1158,676,155,431
1600014A,499,255,39,197
1600017B,1189,654,128,448
1600018A,1096,525,99,361
1600024A,1282,644,120,451
1600025A,1002,628,159,410
1600027C,681,393,78,259
1600028A,1320,715,196,421
1600031C,1067,591,136,403
1600034A,1199,684,195,429
1600042A,808,512,93,349
1600045A,1055,510,107,351
1600055A,1215,664,114,479
1600073A,1308,657,118,471
1600074B,1149,632,106,467
1600076A,1231,656,91,500
2950090A,234,129,9,104
3430003A,1657,918,107,741
3430004A,1289,742,98,601
3430007A,1369,752,74,621
3430018C,630,263,25,217
3430020A,1132,558,55,460
3430100F*,177,1,1,0
7510001A,1260,654,50,550
7510004A,747,375,37,311
7510006A,1342,643,53,510
7510008A,1081,600,43,513
7510009B,1261,686,62,584
7510010A,1002,578,47,499
7510012A,1038,595,43,491
7510013A,1444,796,67,645
9000002A,901,486,105,314
9000269B,1398,781,183,516
9000533A,1240,494,36,390
9000555A,945,339,39,246
9000558B,1368,651,207,348
9000567A,1321,738,186,459
9000650C,1462,518,94,355
9000701A,1990,769,68,536
9000908A,1129,412,27,347
9000944A,1408,658,114,459
9000945B,1218,451,51,359
9000948A,1158,588,32,502
9001111A,1370,600,96,426
9001165A,1099,544,134,337
9001175A,1401,718,211,432
9001220C,1152,575,114,367
9001249A,1040,542,110,359
9001250A,1330,642,142,413
9001253A,1282,637,134,424
9001256A,1686,840,225,506
9001257B,1276,637,137,410
9001262A,1236,565,159,341
9001271A,1289,544,135,341
9001272A,1461,708,145,452
9001274A,1534,640,152,389
9001278A,1112,581,132,366
9001279A,1348,656,157,395
9001281C,1499,650,115,434
9001283B,1543,757,166,465
9001284A,1652,648,117,450
9001290A,1290,716,136,503
9001291A,1424,623,83,470
9001320A,412,198,16,171
9001329A,1378,740,213,438
9001330A,1317,711,97,482
9001331A,934,521,146,303
9001332A,996,521,179,275
9001334A,1504,702,221,381
9001336A,1041,295,51,213
9001338A,1195,291,31,218
9001341A,1322,542,57,428
9001346A,747,289,36,214
9001359A,1323,553,177,318
9001381C,770,383,49,307
9001452A,1468,684,160,438
9001454A,1166,529,111,357
9001455A,863,430,110,269
9001456A,1350,715,166,472
9001465C,1341,511,186,253
9001470B,1036,367,55,268
9001471A,889,420,119,253
9001472A,1357,701,238,363
9001474C,1064,543,137,329
9001482A,1054,385,81,268
9001485A,1237,476,81,324
9001490A,1424,537,47,421
9001492A,1536,588,99,424
9001502A,949,417,69,285
9001514A,1207,556,130,359
9001516A,1306,628,178,374
9001522A,1208,488,91,333
9001525A,1415,546,95,368
9001528C,1696,729,145,511
9001532A,1134,418,85,285
9001533A,851,315,42,241
9001535A,1211,503,73,364
9001557B,1212,609,147,398
9001560A,870,450,125,284
9001562A,1192,621,157,384
9001564A,1045,512,119,327
9001565A,1511,669,125,453
9001566A,1418,644,134,434
9001569A,864,482,96,332
9001570A,836,411,100,254
9001617A,931,359,33,251
9001716A,1401,534,68,396
9001725A,811,318,33,243
9001729A,1350,450,61,322
9001731A,1055,425,36,351
9001764A,1380,479,45,365
9001765A,977,372,39,279
9001767A,927,359,35,288
9001768A,1249,449,37,352
9001769C,1160,454,44,359
9001770A,1300,501,52,396
9001776B,1385,484,61,357
9001777B,1004,450,58,347
9001779C,1013,407,47,308
9001782A,1033,439,59,334
9001782B,836,357,27,297
9001783A,1360,615,66,461
9001784A,1371,533,57,416
9001785A,1364,487,46,383
9001786A,1035,455,44,361
9001787A,1048,346,36,270
9001984B,1274,528,67,394
9001985A,1271,573,88,405
9002009A,973,384,45,292
9002068B,1414,503,50,405
9002069B,1224,352,30,285
9002070A,1220,558,39,483
9002080A,1368,595,53,501
9002083B,1166,503,46,422
9002084A,1529,597,52,485
9002086A,873,323,33,250
9002090A,856,303,35,232
9002091A,1172,460,30,389
9002095A,895,304,28,243
9002097B,1066,451,29,370
9002100A,965,358,42,271
9002101A,1334,505,52,398
9002102A,1395,611,44,495
9002105A,976,374,26,320
9002107A,1235,579,49,461
9002110B,1037,387,37,307
9002112A,1051,370,31,289
9002113A,1207,308,25,248
9002114A,1310,395,31,320
9002116A,1350,514,40,418
9002117B,1063,356,32,285
9002124B,1329,486,40,398
9002126B,1198,411,36,339
9002127A,903,325,39,246
9002128A,1160,439,40,364
9002129B,1453,499,53,388
9002132B,1155,539,37,456
9002135B,1410,485,42,391
9002136A,1202,363,34,278
9002137A,1420,449,32,361
9002140A,1342,507,44,412
9002143A,1325,472,57,371
9002144A,1139,394,35,319
9002154A,1342,489,31,418
9002163A,931,329,27,271
9002167A,1261,492,48,398
9002181A,1186,394,57,309
9002182A,1284,592,104,450
9002193A,621,319,30,267
9002285A,899,439,120,274
9002298A,1436,605,69,465
9002299A,992,418,56,309
9002302A,1044,485,50,369
9002303A,1289,519,62,397
9002306A,1160,467,49,360
9002316A,1132,455,54,346
9002322B,1394,539,53,407
9002323A,1068,495,45,386
9002324A,1086,433,47,336
9002329B,1355,457,53,366
9002330A,1299,549,52,458
9002333B,832,379,32,315
9002334A,1342,689,60,552
9002337A,1376,489,47,385
9002339B,1375,514,77,388
9002342B,1169,462,29,388
9002343A,1373,440,54,338
9002345A,1392,524,65,397
9002348A,655,260,21,213
9002356A,840,456,47,363
9002357B,1355,491,52,377
9002358A,1563,744,157,498
9002362C,1354,594,100,407
9002368A,1479,557,95,383
9002370A,1251,561,94,410
9002373A,1108,505,66,385
9002375A,1061,445,71,325
9002377A,1480,637,117,428
9002394A,1797,698,120,491
9002395A,755,419,95,283
9002405A,779,358,83,226
9002556A,1287,536,50,446
9002889A,955,394,76,269
9002890A,1485,661,121,447
9002893A,1586,661,80,510
9002900A,1555,641,196,354
9002913A,1388,615,130,405
9002917A,1576,781,175,531
9002954A,1362,551,95,375
9003036A,977,432,111,270
9003050A,830,371,31,310
9003077A,1042,334,39,228
9003078B,864,331,66,203
9003150A,1681,458,58,321
9003229A,1225,487,47,382
9003552A,1040,354,60,251
9003674E,1045,385,61,271
9003969C,1348,595,71,454
9004218A,919,335,69,219
9005291B,1611,676,123,464
9005293A,1434,612,120,420
9005303A,1283,494,102,323
9005316A,1029,389,42,297
9005317A,1256,519,55,405
9005319A,1334,560,47,470
9005321A,1263,556,66,429
9005322A,1169,439,56,333
9005424A,1454,592,104,413
9005494B,1225,406,45,301
9005504C,1440,614,91,436
9005837A,1580,659,137,433
9007166B,1194,384,44,313
9007168B,1352,356,29,291
9007211A,907,396,60,272
9007226A,954,374,56,279
9007229B,1047,401,46,320
9007349A,993,450,49,345
9007385A,1055,462,90,295
1780001A,1419,624,192,368
1780002A,1135,599,294,255
1780003A,645,339,126,169
1780004A,1132,554,198,272
1780006A,1069,557,259,248
1780008A,1115,495,205,244
1780014A,1267,613,283,261
1780020A,1057,551,233,279
1780041A,1271,635,274,302
1780043B,1109,549,235,250
1780063A,1153,651,311,272
1780065A,1230,650,305,276
1780066A,1486,724,340,305
1780067A,1372,762,331,373
1780068A,972,516,189,263
1780069A,986,465,222,198
1780071A,1068,542,296,204
1780071C,530,259,147,93
1780072A,847,481,230,183
1780073A,888,486,231,189
1780075A,880,392,209,145
1780076A,1552,709,289,370
1780077A,893,405,171,193
1780078A,899,447,155,248
1780079A,449,179,77,83
1780085A,692,333,145,149
1780087A,593,290,162,99
1780091E,887,435,198,202
1780092A,714,333,132,163
5500005A*,4,1,0,1
5500109A,529,280,98,155
5500110A,879,443,143,251
5850001A,494,282,133,118
5850002A,950,426,197,178
5850003B,1030,494,253,207
5850005A,929,336,168,146
5850011A,1193,533,248,225
5850018C,564,223,63,135
5850021A,1092,504,222,241
5850027A,946,451,191,233
5850028A,949,433,221,174
5850071B,1481,638,244,318
5850073A,1200,469,261,160
5850075A,954,373,111,219
5850077B,826,429,181,194
5850118A,1361,554,253,214
5850153A,641,321,166,132
5850175A,1053,453,215,191
5850207A,1070,453,279,134
5850211A,1025,519,258,221
5850221A,1546,722,239,406
5850222A,1071,439,218,164
6750022A,189,63,39,17
7600002A,631,265,114,118
7600002D,648,327,170,123
7600003A,801,366,145,190
7600005C,1325,595,261,268
7600006C,851,385,139,205
7600007A,1106,476,179,227
7600008A,1187,575,248,253
7600009A,1489,681,320,269
7600011A,995,425,158,224
7600012A,892,412,196,165
7600017A,1172,587,250,266
7600018A,974,448,202,199
7600030A,1506,738,367,276
7600031A,1116,511,218,249
7600032A,1279,557,230,262
7600033A,895,433,177,205
7700021B,315,178,59,102
7700025C,613,259,95,136
7700056A,572,302,163,95
7700056C,771,313,178,111
7700079A,1014,531,327,129
7700079B,604,280,163,96
7700080A,715,391,233,126
7700114A,1464,717,368,266
7700116A,757,320,183,115
7700118A,1520,684,378,223
7700122A,584,292,149,117
7700155C,876,371,188,126
7700164A,1392,589,338,184
7700169A,753,425,193,200
7700169B,893,447,161,245
7700313A,647,291,171,69
0520001A,1153,608,381,167
0520002A,1255,575,373,136
0520004A,798,430,264,125
0520005B,1015,511,331,130
0520007A,557,242,166,63
0520009A,806,411,233,151
0520009B,586,325,203,93
0520010A,1233,637,402,170
2050048A,467,251,91,133
2630001A*,13,1,0,0
2630010A*,193,26,10,7
2630016A,1212,572,294,203
2630018A,1331,599,304,224
2630023A,874,385,248,87
2630036A,756,450,289,115
2630049A,1095,531,247,241
2630062A,1338,626,416,161
2630064A,940,462,248,156
2630066A,1047,521,273,186
2630066B,983,496,337,124
2630083A,1093,536,269,209
2630097A,1113,623,412,154
2630142A,1698,768,386,288
2630158C,1096,555,263,224
2630159A,1584,779,364,322
2630172A,1317,562,280,186
2630179A,1095,398,164,161
2630190A,1010,537,326,155
2630192A,1261,649,343,212
2630193C,1514,710,404,230
2630195A,1032,597,330,224
2630199A,1124,542,209,273
2630202A,1104,558,295,196
2630205A,1188,517,201,260
2630206A,1062,517,339,136
2930010A*,37,6,1,5
2930017A*,59,11,3,7
3230001A,562,285,96,171
3230003A,925,483,150,295
3230004A,1004,515,167,300
3230006A,914,431,112,291
3230009A,368,194,51,126
3300001A,1071,592,255,266
3300003A,1270,741,300,358
3300006A,958,515,241,222
3300007A,1237,630,274,279
3300008C,1037,578,242,282
3300009A,688,330,125,172
3300010A,1304,690,318,319
3300014A,1048,511,241,204
3300015A,1189,643,285,313
3300017A,1097,626,259,329
3300019A,759,414,128,241
3300020A,860,486,218,199
3300022A,724,384,187,165
3300023A,894,482,194,256
3300025A,836,454,214,200
3300026A,846,438,179,232
3300029A,1040,570,271,249
3300034A,1241,646,322,266
3300040A,980,502,196,253
3300042A,1136,569,250,268
3300044A,1173,605,263,291
3300045A,1203,690,263,355
3300056A,578,342,135,177
3300070A,1087,599,324,228
3300072A,1340,627,347,211
3300073A,1267,627,371,187
3330001A,1229,626,402,130
3330002B,694,387,246,93
3330002C,449,227,156,45
3330004A,1365,626,383,174
3330008A,1138,484,339,88
3330009A,1057,466,286,110
3330012A,1184,557,369,124
3330013B,763,383,246,94
3330015A,1209,567,400,127
3330017A,1160,582,422,113
3330018A,1182,548,378,113
3330019C,1074,526,362,124
3330020A,1037,469,312,103
3330020B,1017,510,325,112
3330021A,1116,543,344,129
3900005A,653,315,225,78
3900006A,1345,674,416,209
3900007A,955,446,286,122
3900008A,597,342,225,83
3900009A,1165,585,420,105
3900061A,397,210,149,40
3900062A,1180,578,396,139
3900063A,607,273,180,71
3900066A,1049,542,345,143
3900067A,1122,596,401,139
3900070A,1222,597,391,167
3900073A,913,515,323,148
3900080B,738,375,254,89
3900082A,1047,510,361,90
3900088A,604,313,189,108
4780001A,729,431,302,92
4780001B*,41,8,6,2
4780003A*,187,29,13,16
4780004A,910,367,202,144
4780011A,895,511,237,233
4780011B*,57,12,6,5
4800003A,1192,593,366,151
4800008C,1184,572,365,160
4800009A,1299,659,418,191
4800010A,845,485,296,135
4800011A,1173,606,398,148
4800013A,1016,485,341,96
4800016A,1061,376,227,112
4800018A,1027,500,302,142
4800019A,644,282,180,77
4800021A,315,133,76,36
4800021B,1213,488,331,115
4800022A,954,415,273,104
4800023A,1273,514,328,141
4800024A,1180,541,353,131
4800029B,953,518,332,131
4800031A,1088,555,350,159
4800032A,901,363,225,71
4800033A,843,279,180,70
4800034A,1152,628,384,173
4800035A,1061,417,282,89
4800037A,1033,462,308,111
4800038A,886,439,291,111
4800053A,959,449,337,77
4800054A,918,362,231,85
4800060A,981,407,243,123
4800071A,1174,624,464,92
4800076A,972,401,246,113
4800088A,1320,649,449,149
5600073A,598,343,239,66
6230001A,1090,520,348,138
6230004A,1029,531,299,181
6230006A,1149,563,348,166
6230008A,813,384,227,134
6230009A,1286,547,326,171
6230010A,1011,511,354,114
6230011A,1266,640,431,161
6230018A,952,490,292,160
6230051A,1069,508,328,131
6230052B*,184,23,16,4
6230052L*,26,4,2,2
6530004A,886,391,276,71
6530005A,546,231,167,36
6530040A,1222,523,372,93
6530041A,875,425,302,81
6530043A,894,419,294,86
6530045A,1164,565,404,100
6530046B,468,193,133,41
6700001A,841,415,230,151
6700002A,1270,607,319,241
6700003A,1370,613,390,161
6700004B,834,428,248,159
6700007A,761,429,239,151
6700008A,1223,639,310,285
6700009B,710,335,181,116
6700010A,1048,539,315,187
6700011B,1297,632,313,262
6700012A,1404,666,299,316
6700014B,785,386,194,154
6700016A,1124,567,233,287
6700017A,1326,641,271,319
6700019A,1117,469,339,100
6700021A,1235,710,294,366
6700025A,598,290,169,103
6700052A,1281,730,442,216
6700053A,1101,466,261,162
6700054B,1187,558,353,170
6700055A,1028,478,300,137
6700056A,1192,492,331,105
6700057A,1247,687,363,268
6700059A,1432,744,430,259
6700062A,1427,752,471,199
6700064A,804,396,250,104
6700065A,836,381,195,150
6700068A,881,430,239,152
6700070A,1385,669,401,214
6700071C,1116,530,365,116
6700072A,590,304,194,85
7410002A,239,106,61,18
7410002B,680,313,205,72
7410003B,965,449,321,69
7410004B,1076,511,377,86
7410005A,1183,517,393,88
7410006B,1062,570,422,89
7410007A,1220,579,391,117
7410008A,628,286,155,101
7800001A,1106,566,227,288
7800002C,996,488,260,198
7800004A,1472,845,393,387
7800006A,617,325,165,133
7800007B,1277,627,359,203
7800008A,1131,576,354,164
7800010A,1127,575,294,243
7800012A,772,449,220,188
7800014A,1372,589,350,187
7800016A,1262,488,303,149
7800017B,911,390,215,144
7800021A,1367,679,345,282
7800022B,843,510,222,258
7800031A,930,451,194,219
7800035C,1187,589,345,188
7800038E,671,351,170,146
7800042A,800,441,233,175
7800043D,408,230,102,113
7800044A,1218,630,309,273
7800048A,1258,454,311,105
7800049A,827,446,284,119
7800051A,1321,717,378,289
7800053A,1091,584,317,222
7800054A,863,466,183,239
7800057A,1004,640,255,322
7800058B,1327,572,340,178
7800064A,1056,558,307,213
7800066C,904,481,166,285
7800068A,1298,674,335,278
7800072B,1340,720,327,329
7800075A,1499,699,311,342
7800075C,570,300,136,136
7800079A,1153,584,256,276
7800082A,1196,735,279,377
7800083A,587,308,105,183
7800087A,1250,713,243,418
7800144A,1272,704,389,260
7800148A,836,446,303,107
7800149A,984,513,310,155
7800165D,1190,551,338,173
7800167C,1430,584,369,133
7800170B,1229,549,367,128
7800172A,493,190,125,51
7800172C,257,97,57,29
7800176A,1333,564,365,135
7800185A,1346,745,327,360
0400001A,810,374,44,298
0400002A,1134,550,202,276
0400004A,999,455,118,270
0400006A,1007,508,116,322
0400007A,1041,497,142,306
0400008A,1099,479,127,290
0400010A,1057,499,161,281
0750006A,1388,664,177,420
0750007A,1309,493,110,330
0750009A,1221,619,165,405
0750010A,1069,479,114,318
0750011A,1200,628,197,351
0750012A,603,220,33,166
0750013A*,149,19,3,15
0750014A,1070,480,114,305
0750016A,1206,532,126,353
0750019A,1193,499,112,335
0750021A,829,445,125,271
0750022A,1090,579,211,321
0750024A,1185,555,116,368
0750027A,893,351,76,231
0750028A,1231,608,146,395
0750029C,932,348,76,229
0750030A,751,353,75,220
0750031C,1032,385,80,265
0750032A,1011,472,107,322
0750033A,1317,647,240,333
0750034A,901,421,141,241
0750035A,1175,520,117,348
0750037A,1311,651,165,410
0750042A,1174,599,158,391
0750043A,1531,805,310,409
0750044A,1011,490,137,299
0750051B,1502,577,81,422
0750054C,1202,498,97,351
0750055A,890,393,88,262
0750057A,1099,479,123,314
0750060A,1156,432,61,333
0750066A,1150,408,71,300
0800001A,1120,527,48,428
0800002A,1052,432,36,367
0800003A,1003,463,51,356
0800004A,1217,558,68,432
0800005A,1174,446,59,343
0800006A,1299,606,72,466
0800007A,1050,497,46,402
0800009A,1073,469,47,381
0800010A,323,178,25,134
0800011A,569,274,31,208
0800013A,981,420,48,333
0800016A,1145,513,73,398
0800017C,1075,608,67,487
1070001A,1067,485,162,258
1070002A,964,509,159,305
1070003A,1355,793,270,444
1070006A,914,479,139,273
1070007A,898,376,107,234
1070008A,813,439,145,259
1070010A,1268,664,219,377
1070011A,1044,410,100,242
1070012A,1067,455,123,256
1070013A,1634,786,249,436
1070016D,1261,564,168,329
1070017A,1329,658,207,365
1070018A,1360,602,202,325
1070020A,1049,570,196,302
1070021A,1132,552,164,314
1070022A,1218,493,146,288
1070023A,986,430,169,210
1070024A,799,390,131,218
1070025A,912,410,120,231
1070026A,1283,668,218,352
1070028A,1141,567,201,295
1070029A,1006,417,121,235
1070031A,820,425,152,197
1070032A,1118,600,237,303
1070036A,1132,498,172,264
1070040A,1323,708,210,404
1070041A,1495,742,237,418
1070048A,1161,541,185,298
1070048B*,35,3,0,3
1070070A*,98,27,13,12
1430002A,758,385,41,306
1430009A,1090,585,56,459
1430031A,792,440,68,326
1430033A,1035,508,77,351
1430034A,658,348,50,272
1430035A,1037,378,39,311
1430036A,924,468,62,355
1850001A,1165,552,128,371
1850002A,420,159,31,111
1850006B,766,355,54,271
1850008A,1050,475,125,317
1850009A,1135,581,136,385
1850010A,580,290,57,195
1850011A,669,299,66,202
1850011B,659,269,51,191
1850012A,876,403,65,295
1850013A,1116,531,92,388
1850015A,1203,579,101,437
1850016A,1121,640,194,367
1850017A,1363,657,128,455
1850019A,748,390,101,255
1850023A,947,407,104,276
1850024A,1021,469,100,332
1850025A,885,459,130,295
1850027A,1070,449,71,333
1850028A,1247,632,153,409
1850029B,768,354,110,210
1850030A,1342,704,192,453
1850031A,1510,672,170,434
1850032A,1084,501,109,354
1850033A,1017,538,149,347
1850034B,1399,647,114,453
1850038A,1071,523,147,324
1850040A,967,558,146,365
1850041A,1329,617,169,387
1850043A,1433,719,206,451
1850045A,549,304,79,200
1850047A,1295,740,202,460
1850048A*,82,6,0,5
1850050A,1013,519,127,345
1850051B,901,475,166,273
1850055A,826,442,143,246
1850056C,1302,533,127,364
1850057A,782,350,68,258
1850058A,949,386,65,270
1850062A,1213,597,159,365
1850063A,1598,735,144,505
1850064A,800,409,64,300
1850065A,987,610,148,409
1850067A,793,423,122,240
1850071A,901,506,177,281
1850073A,839,471,164,257
1850074B,712,404,106,261
1850076A,1105,597,199,337
1850079A,1112,632,216,351
1850080A,954,475,157,263
1850081A,1353,610,165,386
1850082B,953,425,106,266
1850083A,1114,564,166,344
1850089A,926,488,116,334
1850102A,1118,622,226,345
1850138A,792,382,130,202
1850150A,713,314,54,232
1850151A,1112,620,202,364
4450001A,823,429,60,326
4450001C*,37,4,1,3
4450002A,1043,581,77,442
4450003A,999,415,48,333
4450003D*,1,1,0,1
4450004A,985,444,56,351
4450005A,1073,506,90,341
4450008A,932,471,78,361
4450011A,1220,565,74,447
4450012A,1177,552,77,422
4450014A,906,476,91,327
4450015A,949,465,66,362
4450016A,755,280,48,211
4450017A,805,399,71,287
4450018A,988,527,160,311
4450020A,1043,496,92,363
4450024A,886,425,68,322
4450025A,1094,606,137,414
4450026A,979,502,69,379
4450028A,509,291,53,201
4450031A,1073,467,46,391
4450032A,818,396,57,293
4450033A,933,515,60,417
4450036A,1438,681,128,491
4450038A,878,401,96,254
4450043B,1122,599,84,444
4450065A,982,415,54,316
4450090A,815,407,43,326
4800001A,1222,581,80,439
4800004A,959,470,127,303
4800006B,1502,735,185,484
4800025A,449,168,40,115
4800028A,1191,645,142,439
4800040A,1079,487,91,349
4800042B,1253,667,156,445
4800044A,1319,686,136,453
4800045A,1066,577,158,366
4800047D,343,171,47,105
4800048A,1172,570,124,386
4800049D,603,280,64,195
4800050A,1245,575,145,391
4800056A,859,383,56,295
4800056D*,151,19,6,11
4800059A,1721,872,260,525
4800067A,1038,505,62,379
4800089A,795,365,80,238
5230002A,1028,496,99,346
5230006A*,66,3,2,1
5230006B,811,402,78,287
5230007A,1073,526,86,392
5230008A,1058,472,63,364
5230010A,1032,627,106,452
5230012A,932,427,39,346
5230013A,1121,549,92,411
5230014B,1003,466,73,357
5230017A,1062,554,70,427
5230018A,897,439,65,335
5230019A,1016,465,88,336
5230020A,1008,536,93,386
5230022D,997,506,87,381
5230023A,736,367,66,275
5230023B,333,147,28,108
5230024A,1134,548,95,404
5230027A,973,534,85,414
5230029A,783,389,53,298
5230030A,1340,709,101,566
5230034B,1095,535,87,393
5230035A,1287,632,89,490
5230036A,794,398,44,320
5230038A,989,540,104,403
5230039A,1085,566,89,439
5230041A,862,485,64,371
5230043A,1039,495,88,371
5230044A,1014,499,93,371
5230045A,1017,433,61,317
5230049A,995,512,92,379
5230068A,874,427,53,333
5230080A,1129,663,125,480
5230080B*,8,5,3,1
5230081A,916,435,68,335
5240020A*,230,26,5,21
2300001A,869,291,232
2300002A,1291,642,511
2300003A,1187,389,283
2300004A,1191,589,463
2300005A,768,337,229
2300006A,1013,372,298
2300008A,1101,363,282
2300009A,891,340,266
2300010A,901,395,276
2300011A,962,316,262
2300012A,1214,474,373
2300013A,887,385,306
2300016A,1261,437,347
2300019A,932,327,260
2300025A,866,298,249
2300030A,1152,396,313
2300034A,1173,355,259
2300040A,1120,450,334
2300041B,840,339,267
2300042A,1137,402,316
2300043A,627,259,199
2850005B,879,376,285
2850008A,1016,442,329
7650001A,1267,547,410
7650004A,1103,412,335
7650005A,1196,563,428
7650006A,1064,629,484
7650008A,941,417,330
7650009A,890,435,343
7670001A,1209,388,316
7670003A,1376,386,315
7670009A,1248,378,304
9000280A,978,365,272
9000284C,990,481,388
9000285A,1320,558,446
9000288A,1323,626,488
9000289A,1493,435,329
9000290A,1192,472,359
9000366A,1289,500,396
9000454A,1373,434,331
9000554A,500,73,58
9000720C,1271,489,359
9000824A,866,266,215
9000834A,1368,436,339
9000888A,670,246,171
9000906A,1245,407,310
9000985A,1293,453,336
9001003A,1296,492,363
9001024A,1072,423,310
9001026C,1404,465,363
9001030A,1231,450,348
9001031A,1337,394,301
9001046A,1306,394,262
9001053A,828,80,60
9001055A,1129,489,378
9001081A,1271,487,383
9001129B,1498,544,434
9001130B,786,309,217
9001189B,1038,427,340
9001314A,1426,453,358
9001325A,1288,407,309
9001453A,993,396,298
9001563A,1268,443,329
9001582C,1336,93,77
9001583B,1496,487,361
9001684A,1289,534,419
9001706A,884,294,212
9001708A,1300,498,376
9001712A,1245,382,281
9001719A,1054,290,204
9001747A,1309,567,435
9001751A,936,242,162
9001755A,837,284,206
9001757B,1283,559,400
9001773A,1160,399,301
9001920A,1156,434,325
9001927A,1487,425,317
9001929A,1039,249,183
9001932B,1410,441,328
9001940D,1353,431,363
9001941A,1098,390,289
9001942A,248,41,34
9001943A,1178,410,304
9001950A,825,81,57
9001956A,1299,382,281
9001958A,234,64,51
9001959A,606,167,134
9001961A,1252,436,314
9001961F,773,254,197
9001966A,1502,579,441
9001966B,1254,362,285
9001974A,1200,422,316
9001980A,994,243,200
9001987A,1441,460,374
9001991A,1463,490,384
9001993B,994,344,240
9001998A,1316,404,313
9002005A,953,300,213
9002010A,1392,323,235
9002020D,1346,460,330
9002021A,1231,445,335
9002022A,1385,412,296
9002023A,1040,361,253
9002024A,1042,328,248
9002027A,1439,387,294
9002033B,1173,390,286
9002036A,1106,310,235
9002037A,1250,430,308
9002039A,1362,432,329
9002042A,1238,416,319
9002043A,1401,448,342
9002047A,961,275,211
9002047B,966,293,211
9002050A,1475,537,422
9002054A,1050,339,263
9002059A,1070,260,205
9002063A,1145,282,210
9002073A,1052,385,312
9002074B,1223,456,372
9002077A,1168,427,327
9002150A,1206,399,320
9002153A,1352,479,351
9002156A,1265,424,332
9002157A,819,273,200
9002162A,1060,366,276
9002166A,1064,422,327
9002178A,879,427,346
9002179A,924,425,332
9002211A,1395,471,376
9002214A,1172,459,374
9002219A,1037,379,301
9002344A,1328,399,277
9002351A,842,261,196
9002451A,1259,431,311
9002454A,1365,415,323
9002456A,971,364,255
9002459A,1258,422,337
9002461A,1021,386,295
9002465A,1350,439,343
9002466A,1011,280,212
9002471A,1196,426,315
9002472B,775,272,203
9002477A,1238,493,393
9002481A,1140,401,307
9002482A,987,360,300
9002484B,940,344,265
9002485A,930,343,255
9002489A,959,363,303
9002491A,851,247,186
9002492A,1259,427,346
9002497A,716,315,266
9002499A,1112,431,342
9002500A,903,381,317
9002503A,1067,480,372
9002521A,1105,305,260
9002523A,1157,333,249
9002525A,1222,388,293
9002673C,1047,331,272
9002706A,809,182,142
9002788A,859,375,280
9002821A,680,246,185
9002908A,1355,443,338
9002927A,1059,479,379
9002929A,786,251,183
9003210A,579,127,95
9003240A,1049,393,309
9005217B,1189,303,235
9005414A,1023,385,292
9005484A,1212,333,242
0180001A,939,408,87,22,268
1060001A*,246,50,12,0,31
1680001A,990,506,126,37,286
1680002B,1053,583,197,27,295
1680003A,1105,553,147,31,330
1680004A,710,375,109,17,203
1680005A,458,261,62,9,175
1680006C,707,351,76,32,194
1680007A,1124,559,125,40,332
2250001A,1388,699,241,42,354
2250003A,1021,600,246,28,275
2250006A,1327,760,281,43,332
2250007A,1053,595,204,35,296
2250009A,1398,766,296,46,331
2250012A,1303,592,181,40,321
2250017A,1028,586,214,44,257
2250017B*,4,1,0,0,1
2250020A,1341,758,298,30,352
2250030A,1668,828,287,38,367
2500001A,889,431,26,14,344
2500002A,1040,604,35,7,494
2500005A,886,425,33,13,348
2500007A,1026,496,30,10,410
2500008A,1174,548,27,13,464
2500021C,1152,618,84,27,442
2500021E,750,262,31,10,192
2500041A,1253,495,60,26,374
2500046A,1156,639,35,18,518
2700001A,1069,452,53,21,331
2700001C*,60,5,0,0,5
2700003A,1124,532,77,20,385
2700004A,1146,315,62,10,209
2700007A,741,354,126,19,185
2700007C*,12,2,0,0,2
2700009A,964,425,80,19,278
2700010A,1028,518,92,33,348
2700011A*,687,144,35,10,89
2700013A,1089,481,37,24,371
2700014A,1256,514,57,29,368
2700015A,1037,421,46,22,285
2700016A,970,402,52,17,279
2700017A,1147,479,93,30,292
2700018B,967,374,47,18,255
2700019A,1151,502,84,25,322
2700021A,649,238,26,10,176
2700022A,1122,541,66,35,362
2700023A,1141,571,134,35,342
2700023C*,72,5,0,0,5
2700024A,390,144,17,5,105
2700025C*,112,10,2,1,7
2700025P,1137,593,157,33,345
2700028A,1234,488,55,23,363
2700029A,1137,466,62,21,342
2700030A,892,292,23,10,223
2700039B,1150,694,235,47,331
2700041A,1264,723,239,34,347
2700043A,905,372,56,27,269
2700051A,1213,532,51,26,391
2700051B*,62,8,2,0,6
2700090A,1017,444,50,22,332
2700091A,150,78,23,5,39
2700091B,862,404,56,29,270
2700092A,1111,535,21,14,442
2700094A,1194,645,35,17,541
2700101A,892,383,62,24,251
2700103B,1190,618,145,39,379
2700105A,1136,418,51,14,311
2700106A,1205,402,49,18,301
2700109A,995,472,120,30,274
2700116A,1167,165,18,4,124
2950001A,1067,549,23,14,442
2950002A,1268,561,58,24,426
2950003A,678,378,19,12,331
2950004A,578,323,8,11,274
2950005A,626,337,76,17,217
2950006B,896,441,24,13,384
2950007A,1346,444,34,16,338
2950008A,1005,512,17,16,441
2950009B,1138,551,26,15,481
2950010A,1193,528,17,12,453
2950011A,760,452,17,9,388
2950013B,1053,466,39,15,365
2950014B,962,494,31,16,422
2950015B,705,324,9,10,282
2950016B,867,442,15,9,377
2950017A,1049,419,26,17,338
2950018A,1222,669,19,14,574
2950019A,1408,464,44,25,359
2950020A,1161,522,20,12,431
2950022A,1022,541,21,13,431
2950022B*,256,29,2,1,20
2950023A,721,332,28,7,267
2950024A,871,421,18,9,355
2950025A,1174,538,76,27,386
2950026A,980,461,32,14,368
2950026B*,76,6,1,0,5
2950028A,646,362,32,18,282
2950029A,1032,442,20,9,363
2950030A,1207,412,33,16,318
2950031A,1012,334,44,9,250
2950033A,994,408,45,17,303
2950037C,1359,495,53,20,371
2950039A,1123,438,48,14,328
2950040A,1391,547,80,28,390
2950041A,1322,594,56,26,448
2950042A,1254,476,37,13,386
2950044A,1093,558,83,28,386
2950047B,1195,539,78,20,384
2950048A,1215,523,84,21,361
2950050A,1248,532,76,24,368
2950052A,1265,500,46,21,384
2950057A,1106,413,41,17,300
2950063A,1070,481,40,11,369
2950067A,1335,556,40,19,440
2950072A,1089,461,25,18,373
2950073A,991,452,25,17,378
2950075A,1436,554,23,21,448
2950076A,1196,495,36,19,397
2950080A,1114,496,55,21,376
2950084A,911,374,51,12,283
2950087A,1056,517,46,20,423
2950088A,1408,663,57,20,539
2950092A,1112,394,20,14,326
2950095A,958,476,14,19,406
2950141A,807,315,17,8,258
2950146A,1099,387,50,20,278
2950146B*,122,6,0,0,5
2950147A,1025,460,56,23,347
2950149A,1418,612,65,29,426
2950152A,863,526,17,5,468
3650001A,1079,497,103,32,309
3650002A,1032,536,139,20,316
3650004A,999,412,88,35,255
3650005A,781,338,59,14,219
3650005B,245,102,13,4,73
3650006A,1081,531,103,30,356
3650007A,1113,515,93,23,336
3650009A,998,523,109,32,331
3650011A,953,411,100,20,262
3650012A,985,473,102,25,301
3650013A,1064,605,117,42,373
3650014A,948,402,94,27,241
3650015A,1292,574,114,31,329
3650018A,1055,443,86,25,277
3670005A,1243,485,67,12,357
3670007A,1284,498,59,22,343
3670030A,641,305,49,16,200
3670031A,1125,474,60,25,346
3670032A,1495,658,100,34,438
3670033A,1101,474,68,25,325
4150041A,738,329,54,22,213
4150047A,1338,664,174,35,375
4150048A,1179,544,103,35,361
4150050A,865,416,73,30,261
4150051A,443,200,50,11,118
4150053A,1358,638,165,25,388
7670004A,1275,467,61,19,337
7670005A,886,307,30,11,241
7670006A,1101,529,33,16,448
7670007A,923,284,15,15,224
7670010A,1180,328,21,9,270
7670011A,727,320,11,11,278
7670012A,1280,468,18,13,402
7670013A,843,383,25,9,321
7670014A,1092,255,19,12,204
7670015A,698,240,14,6,199
7670016A,1094,309,34,25,222
7670017A,1146,396,31,18,296
7670018A,907,361,18,14,309
7670019A,849,364,22,9,296
7670020A,1014,549,29,18,457
7670021A,921,400,26,13,322
7670022A,1199,411,42,16,316
7670023A,969,423,35,5,352
7670024A,856,394,20,9,320
9000003A,817,450,28,11,380
9000004A,1084,585,154,27,342
9000039A,1462,747,142,44,498
9000040A,836,413,90,10,279
9000216A,944,454,56,30,311
9000282A,1183,321,35,18,236
9000283A,1090,469,23,16,383
9000286A,1405,629,62,42,445
9000449A,1137,653,148,41,386
9000451A,1196,496,84,35,306
9000452B,1181,600,185,29,338
9000455A,776,257,22,8,207
9000552A,1309,574,83,34,404
9000561A,1122,631,147,31,401
9000625A,1498,752,126,37,497
9001243A,863,371,30,24,294
9001244A,815,383,54,17,267
9001395A,1257,640,167,40,355
9001489A,1326,597,98,23,391
9001542A,875,370,28,11,288
9001545A,933,380,25,16,284
9001546A,934,386,24,23,297
9001547A,906,495,36,20,407
9001549A,1401,672,69,41,486
9001553B,823,394,64,15,279
9001554A,1108,533,53,20,405
9001558A,1162,572,100,23,371
9001559B,613,328,60,14,222
9001622B,1206,539,64,29,363
9001718A,1101,619,175,25,347
9001874A,1214,501,117,28,298
9001876A,1071,546,180,36,270
9001884A,1024,467,91,32,298
9001938A,876,360,35,26,264
9002177A,1081,377,30,17,289
9002180A,1076,566,173,20,330
9002185A,1058,498,132,27,290
9002189A,976,511,121,26,325
9002194A,1214,560,126,17,366
9002199A,1182,435,54,28,303
9002207A,1436,594,28,11,492
9002341A,2256,972,166,53,666
9002388A,909,344,26,25,257
9002389A,737,381,57,16,276
9002392A,983,461,63,29,322
9002393A,759,391,49,21,292
9002397A,1050,539,82,26,377
9002401B,1343,600,68,37,410
9002409A,1047,542,111,21,331
9002415A,1486,366,111,29,189
9002417A,852,378,110,13,214
9002418A,1022,517,142,35,288
9002421A,1515,660,157,43,385
9002424A,1039,420,76,31,272
9002429A,1228,663,164,35,401
9002430A,796,123,13,7,73
9002432A,928,551,185,19,299
9002433A,1166,572,175,19,330
9002438C,983,488,173,28,242
9002444A,1039,600,153,28,351
9002502A,1166,500,18,14,415
9002504A,1235,524,23,14,428
9002507A,872,355,11,7,312
9002562A,1055,579,181,25,323
9002580A,555,257,39,19,170
9002863A,889,372,34,26,279
9002921A,741,347,45,19,259
9003072A,1030,481,121,23,287
9003197A,952,410,77,31,266
9003201A,768,322,17,13,266
9003202A,829,436,39,20,333
9003235A,893,380,28,16,287
9003278A,1295,643,144,18,404
9003280A,1234,507,70,26,345
9003368A,995,519,148,24,305
9003406A,728,337,62,18,211
9004116A,1105,505,89,33,318
9005204A,995,357,18,15,289
9005205A,804,215,25,7,157
9005386A,1045,365,33,12,275
9005934A,1207,570,54,32,419
9005936A,936,471,54,25,345
9005937A,782,339,36,16,259
9006344A,821,390,86,23,239
0700001A,1170,520,401,58
0700002A,1156,428,318,65
0700005A,1304,540,427,72
0700007B,1398,566,440,66
0700008A,1311,513,370,94
0700010A,1392,523,380,73
0700011A,1347,544,401,83
0700013A,1184,452,328,67
0700017A,1039,440,327,55
0700018A,1215,521,407,67
1550001A,1102,482,371,58
1550005A,1310,473,378,61
1550006A,1286,519,403,56
1550009A,1136,494,393,58
1550010A,1187,403,311,61
1550020A,1469,590,466,69
2650001A,1185,468,302,111
2650004A,1375,639,426,140
2650005A,1276,546,388,95
2650006A,946,405,298,50
3450001A,836,465,244,167
3450002A,1113,610,312,243
3450003A,864,480,240,195
3450004A,958,478,218,200
3450007A,918,518,264,193
3450008A,871,449,229,172
3450009A,893,458,214,200
3450010A,1184,659,296,290
3450013A,1076,621,332,223
3450013B,1211,650,345,222
3450016A,1197,615,290,261
3450019A,1201,695,347,287
3450020A,1119,614,312,232
3450021A,1185,654,279,279
3450023A,1299,698,319,309
3450025B,866,329,220,67
3450028A,962,540,221,267
3450030A,959,459,259,142
3450031A,1134,570,317,180
3450032A,604,339,199,106
3450034A,920,477,272,144
3450035A,969,483,271,175
3450037A,1023,514,313,153
3450038A,986,499,309,145
3450040A,825,460,257,157
3450042A,1244,682,377,234
3450043A,1346,789,391,312
3450045A,1071,529,295,186
3450046A,767,448,245,135
3450048A,1105,605,332,223
3450053A,864,447,221,173
3450054A,873,521,233,230
3450055A,1409,812,369,355
3450059B,1419,793,373,348
3450060A,1100,623,291,265
3450062A,1028,628,307,241
3450064A,852,509,231,199
3450066A,728,384,170,169
3450067A,1424,804,390,331
3450070A,644,320,195,102
3450072A,426,200,130,59
3450073A,1263,514,334,126
3450073D,543,204,134,43
3450076A,1045,514,300,163
3450079A,1235,509,325,130
3450080A,1425,659,401,171
3450091A,1160,515,341,116
3450092A,1228,591,366,156
3850009A,1188,536,377,84
3850016A,1241,459,326,81
3850017B,965,318,247,36
3850020A,1118,407,288,63
3850020B,902,343,235,76
3850024A,1197,476,316,101
3850026A,942,334,248,51
3850027D,1132,389,249,85
3850029A,821,261,171,60
3850031B,806,294,217,38
3850032A,697,185,131,31
3850032B,1066,379,278,62
3850033A,837,327,214,85
3850035A,943,398,246,105
3850041A,743,219,177,24
3850042A,894,332,203,88
3850058A,1386,525,366,92
3850069B,650,315,205,73
3850307A,485,167,116,35
3850395A,938,275,206,45
3850396A,997,264,189,50
3850415A,1171,365,259,37
3850546A,1098,383,262,76
3850547A,1361,528,359,104
3850552A,742,241,158,51
3850552B,899,412,290,85
3850553A,1148,345,234,70
3850554A,1204,393,288,78
3850555A,827,264,178,55
3850650A,850,464,225,193
3850687A,1110,269,214,21
3990001A,1046,562,448,61
3990002A,880,322,241,38
3990003A,1029,405,319,39
3990004A,784,360,277,46
3990005A,1031,417,303,43
3990006A,1376,693,553,68
3990007A,1044,451,330,59
3990009A,1203,535,429,64
3990010A,1141,471,329,75
3990015A,1233,547,455,47
3990016A,1269,679,547,71
3990017A,1179,431,334,54
3990018A,919,449,351,60
3990019A,1264,727,590,67
3990028B,1147,587,453,56
3990030A,1197,395,306,44
3990033A,983,530,395,55
3990061A,1115,447,354,40
3990062A,1144,529,424,51
3990062B*,205,13,11,1
3990063A,1152,476,361,59
3990064A,1236,595,443,79
3990065B,1074,542,440,55
4200001D,1257,694,553,70
4200005A,1192,667,532,50
4200006A,1218,568,456,65
4200009A,1177,569,456,66
4200010B,736,333,262,41
4200013A,1067,476,366,53
4200014A,675,316,250,31
4200015A,1283,635,497,73
5100001A,603,285,200,61
5100002A,1289,502,391,61
5100005A,1181,489,400,50
5100006A,1198,533,406,74
5100007A,1246,544,417,70
5100008A,767,350,230,68
5100009A,924,460,345,65
5100010A,1207,543,413,47
5100011A,1281,566,458,44
5100013A,1191,415,319,45
5100014A,1260,566,429,80
5100016A,1051,380,281,55
5100017A,1282,559,388,100
5100020A,1422,578,396,109
5100021A,1367,488,406,45
5100024B,1269,519,354,104
5100027A,676,224,179,27
5100036A,1291,568,375,121
5100054A,1201,554,414,79
6550001B,345,150,95,41
6550003A,1083,453,352,49
6550004A,1475,572,446,58
6550009A,1504,603,465,74
6550010A,1281,481,390,37
6550011A,1478,570,437,58
6550012B,1213,528,408,61
6550015A,1280,587,441,86
6550016A,1471,648,484,96
6550017A,1273,557,431,71
6550018A,1131,472,355,52
6550019B,1237,577,416,98
6550020A,1174,534,401,71
6550021A,881,336,261,36
6550022A,1021,430,324,31
6550022B,864,311,246,42
6550028A,1131,544,394,99
6550029A,1324,630,488,62
6550030C,870,464,379,39
6550031A,1305,588,468,66
6550035A,1404,575,464,60
6550036A,1239,444,325,63
6550039A,1023,446,345,47
6550047B,1224,655,496,76
6550048A,1421,603,460,86
6550050A,1146,499,379,75
6550052A,1090,507,374,76
6550053A,1362,679,515,98
6550055A,604,336,239,46
6550056A,420,223,132,60
6550057A,805,405,281,80
6550060A,1254,573,430,97
6550061A,688,322,218,69
6550062A,1287,635,454,114
6550066C,548,255,143,84
7850002A,996,448,337,52
0450001A,1406,607,147,418
0450002A,1221,547,108,383
0450004A,1292,615,124,421
0450007A,1021,440,58,349
0450008A,610,287,32,239
1030001A,872,422,68,325
1030003A,1241,599,176,378
1030004A,673,310,39,244
1030006A,1238,585,165,367
1030007A,1024,502,157,285
1030012B,1231,494,163,268
1030013A,1416,624,197,345
1030014A,957,465,64,354
1030015A,1031,567,102,425
1030016A,1316,527,175,285
1030020A,1290,576,157,356
1030022B,773,339,90,218
1030024B,1126,567,158,335
1030025B,1379,644,200,348
1030027A,1025,478,139,273
1030028A,1330,530,136,311
1030029A,1353,666,221,346
1030031A,1295,520,190,272
1030032A,1093,483,136,291
1030036A,1176,471,161,250
1030036C,984,452,169,229
1030037A,949,453,175,229
1030038A,1095,451,144,250
1030038B,1007,467,176,245
1030040A,1257,510,159,278
1030042B,1197,533,167,320
1030043A,985,425,136,233
1030044A,785,369,123,203
1030045A,1151,382,107,218
1030046A,775,310,84,179
1030048A,1100,462,142,240
1030049A,920,425,120,234
1030053A,1130,575,64,479
1030053B,1124,568,74,450
1030060A,967,507,49,410
1030067B,760,426,41,360
1030081A,635,235,78,130
1030100A,487,264,29,210
1030101A,880,507,52,412
1030102A,1008,503,54,413
1030103A,1097,581,72,456
1030105A,1141,630,65,528
1030106A,979,506,63,391
1030107A,1015,522,68,419
1030108B,1033,487,142,285
1030109A,1015,444,142,254
1030110A,612,205,29,165
1030111A,1095,577,69,461
1030112A,998,441,125,261
1030113A,979,456,155,255
1030114A,968,429,149,238
1030115A,912,378,146,192
1030116A,488,257,60,177
1030119A,1006,474,61,375
1030120A,952,420,154,216
1450002A,1339,454,104,314
1450004A,978,420,83,290
1450007B,1151,386,78,277
1450008A,1421,486,149,286
1450010C,662,296,51,220
1450018A,932,431,67,298
1450020A,1028,446,99,299
1450022B,1032,436,96,295
1450024A,1032,527,60,418
1450027A,1069,529,135,347
1450028C,891,401,81,290
1450030A,615,240,49,169
1450030B,333,110,21,82
1450033A,1139,417,118,265
1450034A,719,292,48,213
1450036A,1218,463,125,301
1450040C,1084,394,73,284
1450042C,1111,550,138,357
1450043B,720,306,52,222
1450045A,694,350,69,230
1450045B,278,121,19,84
1450052A,895,396,111,242
1450062B,924,294,62,196
1450091A,1047,504,95,362
1450113A,1130,340,66,257
1450118B,983,388,82,272
1450132A,813,244,51,172
1450133A,938,308,59,217
1450136B,606,233,56,152
1450137A,1020,392,97,247
1450137E,723,277,75,169
1450137F*,148,15,4,11
1450141A,994,519,100,375
1450141B,259,90,28,57
1450142B,166,61,18,41
1450142E*,97,10,2,8
1450142F,850,291,73,192
1450144C*,12,1,0,1
1450147A,748,365,35,298
1450148A,748,360,76,238
1450148B*,45,14,3,9
1450149A,643,259,72,164
1450149C,148,61,6,45
1450152A,1176,521,88,382
1450153A,1027,364,98,227
1450154A,1109,531,126,355
1450155A,1031,412,75,291
1450155B*,9,1,0,1
1450157A,847,351,59,260
1450160B,440,220,31,175
1450163A,902,390,90,261
1450164C,1067,511,89,371
1450167A,1163,519,85,382
1450300B*,24,1,0,1
1450305A,1126,358,89,230
1450305B,340,159,47,98
1800020B,756,432,124,270
1800021A,832,437,126,269
1960001A,508,166,59,87
1960003A,1219,459,132,269
1960007A,850,333,73,227
1960011A,1471,498,112,346
1960032A,1141,510,123,335
3850001A,1148,412,111,255
3850004A,1268,489,132,291
3850005A,1120,392,103,239
3850008A,1478,652,165,416
3850013A,1302,395,115,240
3850015A,1153,414,112,244
3850037A,1366,415,113,256
3850039A,1035,279,60,184
3850060A,1321,507,135,320
3850102A,1361,416,108,267
3850220A,436,150,42,89
3850386C,1024,382,68,268
3850402A,1349,499,121,325
7690001A,796,435,86,298
7690002A,872,402,78,282
7690005A,910,444,67,335
7690006A,832,347,89,230
7850001A,1022,410,97,269
7850003A,1395,538,97,399
7850009A,1114,374,114,230
7850011A,1158,392,95,256
7850013A,888,330,68,229
7850015A,872,318,80,212
7850017A,1145,493,123,331
7850024A,900,304,81,188
7850043A,874,408,70,301
7850044A,922,398,62,296
7850050A,919,467,50,369
7850204A,1019,421,123,253
9000293A,878,258,46,198
9000294A,894,254,26,199
9000296C,1340,484,63,375
9000354A,1285,354,58,262
9000545A,1314,474,83,348
9000953A,1030,497,152,279
9000994A,1179,507,148,307
9000995A,1236,525,154,314
9001042A,1100,320,68,209
9001138A,1472,366,93,221
9001147A,1049,305,77,193
9001159A,1447,493,88,354
9001188A,1171,434,127,247
9001246A,1217,475,54,374
9001323A,1054,493,126,316
9001384A,1057,321,90,184
9001423C,715,370,140,166
9001434A,1202,363,46,282
9001439B,975,350,113,194
9001473A,1251,403,77,282
9001587A,799,253,71,152
9001602A,1478,547,149,305
9001727A,931,335,54,252
9001728A,1320,458,123,282
9001780A,1080,313,83,165
9001799A,1170,324,46,242
9001964A,1203,319,54,234
9002338A,1156,492,161,276
9002494A,1235,403,72,292
9002496A,1095,367,63,262
9002496B,1076,419,84,301
9002510A,1212,515,73,387
9002518A,1195,276,73,171
9002520A,1371,330,62,231
9002529A,1292,410,65,308
9002531A,1499,452,74,330
9002534A,1404,297,75,187
9002537A,1276,396,116,233
9002540A,1398,358,67,238
9002542A,1183,299,75,187
9002544B,1094,268,60,180
9002548A,1221,354,89,230
9002549A,840,272,86,151
9002551A,1288,292,80,171
9002553B,652,102,28,52
9002555B,1262,367,89,220
9002558A,1115,230,36,173
9002563A,1146,366,58,271
9002566A,1160,310,55,232
9002568A,1146,347,63,250
9002572A,1404,411,55,326
9002583A,1371,483,91,349
9002584A,1460,474,81,359
9002587A,1438,427,87,282
9002588B,967,285,56,196
9002591A,695,257,36,204
9002594A,1343,478,133,309
9002596A,803,353,80,245
9002616B,1213,540,176,312
9002618A,1408,525,170,306
9002620B,1164,488,144,296
9002621A,1199,503,174,283
9002630A,943,410,142,222
9002632A,1074,475,133,261
9002633A,1267,524,133,334
9002636A,1240,581,178,339
9002910A,919,358,75,254
9003029C,1278,351,56,261
9003220A,673,282,48,208
9003663A,1287,577,151,356
9003742A,1041,358,109,217
9003866A,1213,432,64,324
9005284A,738,315,131,143
9008296A,1230,425,120,262
2080001A,1812,556,133,375
2080003A,620,335,138,165
2080005A,1689,816,305,432
2500003A,1058,495,149,304
2500010A,1194,453,170,250
2500012A,819,280,74,183
2500013A,1803,597,161,392
2500016A,1257,605,199,370
2500018A,1146,391,105,256
2500019A,1568,522,128,365
2500020B,1650,528,122,362
2500023A,1880,343,84,232
2500026A,1862,725,217,453
2500030A,1329,541,118,380
2500031A,924,353,95,216
2500033A,1276,453,115,302
2500035A,1510,626,170,412
2500036B,1437,488,137,304
2500063A,1068,403,150,231
2500064A,1258,608,191,360
2750001A,1198,598,269,287
2750003A,982,577,251,286
2750003B,1086,580,238,303
2750004A,1048,460,187,238
2750008A,1043,463,208,221
2750011A,1148,546,216,287
2750012A,1351,727,311,354
2750015A,1225,609,220,353
2750016A,925,485,187,262
2750017A,1391,782,297,400
2750019A,1445,758,269,439
2750023A,1074,476,178,250
3800001A,1005,540,231,258
3800002A,1079,511,240,238
3800003A,1114,561,243,286
3800004A,1452,729,279,379
3800006A,1257,565,242,278
3800007A,1296,620,262,319
3800010A,995,498,241,224
3800012A,1011,481,182,245
3800013A,1409,690,317,332
3800017A,1310,610,316,258
4100001F,1142,582,292,248
4100002A,957,519,247,243
4100005A,1097,637,305,295
4100007B,1213,601,300,251
4100012A,1032,550,293,222
4100012B,1035,557,285,237
4100014C,972,503,285,199
4100017A,1201,676,345,286
4100019A,1179,654,327,288
4100021A,973,560,231,287
4100025B,1088,592,332,227
4100025D,1140,638,327,284
4100026A,1099,603,288,279
4100028A,1206,673,285,341
4100031A,1156,622,263,303
4100033A,1343,750,366,359
4100034A,1302,749,388,321
4100036A,1258,677,315,323
4100044A,985,579,311,242
4100047A,1446,775,382,352
4100048A,1537,816,364,392
4100050A,1041,457,204,220
4850002A,742,406,176,204
4850005A,601,347,198,117
5050001A,1211,702,440,227
5050003A,1082,591,327,219
5050003D,1163,641,396,211
5050005A,941,515,277,205
5050007A,1314,687,403,251
5050008B,537,303,182,106
5050010A,1054,625,336,267
5050012A,1304,724,406,278
5050014A,1332,752,420,287
5530002A,1336,782,392,343
5530007A,1793,1031,566,410
5530013A,1007,539,272,234
5530015A,1144,574,242,284
5530016A,1154,645,355,256
5530018B,1223,616,307,274
5530021A,1139,684,359,264
5530026A,1576,896,486,376
5530027A,1317,712,392,262
5530031A,1259,675,358,280
5530032A,1004,548,274,231
5530033A,1174,637,289,294
5530036A,1319,689,397,259
5530040A,809,485,238,218
5530041A,1284,722,401,268
5530042A,1237,770,427,286
5530048A,824,466,260,188
5530053A,596,358,197,141
5530055A,843,478,229,211
5530059A,1177,605,249,307
5530080A,725,407,197,195
5530081B,998,578,289,252
5530082A,855,491,190,258
5530085A,933,566,281,240
5530086A,798,492,204,244
5550001A,1146,536,195,294
5550004A,959,521,197,284
5550005A,1462,758,343,371
5550006A,1124,557,230,288
5550012A,1160,582,231,302
5550013A,977,550,215,291
5550014A,1434,681,282,360
5550015A,1032,544,246,258
5550016A,1339,687,275,359
5550017A,1440,651,290,314
5550019A,1610,853,372,406
5550024A,1460,735,253,419
5550029A,997,593,261,272
5550032A,1258,613,226,330
5550035A,1358,589,205,342
5550036A,1128,502,194,274
5550038A,1181,553,230,294
5550041A,1579,700,253,389
5550042A,1137,601,237,322
5550045A,1484,720,263,408
5550046A,1337,677,279,346
5550050A,1110,535,188,314
5550051A,1069,553,178,327
5550056A,1417,791,319,426
5550058A,1487,719,267,414
5550063B,1199,596,242,305
5550069A,1460,732,296,383
5550070A,1134,584,256,278
5550071A,1534,816,418,343
5550090A,895,443,201,202
5550091A,1034,528,206,289
5550092A,1409,759,317,383
5550093B,1498,747,279,426
5550094A,1121,547,221,287
5550095A,1175,617,269,299
5550097A,744,392,180,176
5550098A,1466,715,265,398
5700001A,764,414,291,99
5700002A,693,403,275,105
5730001A,638,349,214,114
5730003A,931,545,294,222
5730005A,1236,690,429,228
5730007A,969,586,363,183
5730011A,800,464,220,211
5730013A,1100,587,337,214
7150002A,1623,846,345,432
7150003A,990,494,180,276
7150004A,1240,516,196,278
7150005A,1189,574,234,305
7150007B,1593,897,448,395
7150008A,1653,750,286,405
7150010A,1526,665,252,361
7150013A,1409,707,279,376
7150015A,1227,667,240,380
7150016A,970,532,166,327
7150017A,1078,634,247,353
7150021A,1117,668,319,308
7150022A,1705,801,275,450
7150023A,943,490,228,228
7150024A,763,401,138,228
7150025A,1096,505,221,246
7150026B,822,429,200,200
7150027A,1021,549,236,271
7150028A,1067,537,229,280
7150029A,1216,557,224,292
7150031B,1020,566,285,246
7150032A,959,547,246,261
7150033A,1350,550,210,295
7150037A,963,579,324,212
7150038A,1204,695,383,271
7150039A,1086,500,192,249
7150041A,1279,671,241,369
7150046A,1301,670,310,320
7150048A,1365,579,214,307
7150049A,1002,528,275,208
7150050A,1652,902,455,396
7150051B,1082,526,224,253
7150055A,921,475,219,223
7150056A,1035,592,256,284
7150058A,1168,576,242,274
7150061A,1265,679,334,302
7150064A,1263,723,383,300
7150065A,998,533,233,258
7150067A,1311,704,354,299
7150068B,1166,612,284,286
7150069A,1174,666,315,299
7150071A,963,575,261,281
7150076A,1095,520,228,253
7150077A,938,487,181,267
7150081B,879,538,263,236
7150082A,1163,670,328,303
7150084A,1053,604,335,244
7150087A,1232,641,298,288
7150090A,1021,590,279,282
7150092B,1240,719,362,308
7150094A,1485,842,366,410
7150101A,1269,689,332,303
7150102A,1142,643,298,304
7150104A,875,558,314,206
7150106A,1304,741,406,301
7150109A,1401,830,390,383
7150112B,1002,592,324,230
7150114A,1039,559,266,262
7150115A,865,444,168,241
7150116A,1198,638,300,294
7150121A,1417,770,350,353
7150125A,868,377,136,210
7150131A,929,486,186,260
7150132A,1333,648,265,336
7150137A,875,495,192,259
7150144A,1556,813,349,404
7150149A,1248,555,197,299
7150161A,1878,761,275,410
7150201A,942,451,167,245
7150300A,799,499,270,202
7150301A,1139,676,337,294
7680002A,1159,478,130,295
7680003A,1128,501,186,276
7680005A,718,309,117,151
7680009A,1207,460,156,267
7680010A,1218,517,139,311
7680011C,1567,598,201,338
7680012A,1324,671,227,386
7680013A,1470,723,175,510
7680015B,1562,625,190,379
7680016A,949,386,136,219
9000341A,1866,737,260,410
9000346B,1587,748,252,434
9000571A,1509,503,178,294
9001001A,1755,514,164,300
9002425A,1535,561,189,321
9003899A,1582,424,100,273
9004232A,1529,552,136,361
9005045A,1774,459,109,308
9006368A,853,411,175,207
9006370A,1410,590,252,292
9006376A,1366,493,158,305
9006377A,1295,513,220,266
0500001A,527,271,132,104
0500003A,1271,619,297,257
0930001A,1012,565,270,255
3350001A,1086,507,232,196
3850003A,347,3,2,1
3850007A,1389,467,332,88
3850010A,1422,398,285,59
3850012A,1625,689,441,198
3850021B,854,232,160,59
3850025A,1133,355,243,81
3850030A,1358,589,428,86
3850034A,1160,334,226,65
3850036A,981,400,283,79
3850038A,1027,202,142,43
3850040A,1271,261,190,41
3850043A,982,361,231,106
3850044D,1113,561,354,163
3850045A,1008,444,262,141
3850046A,815,200,141,37
3850047A,1423,337,238,58
3850048A,1276,561,355,166
3850049A,1273,364,270,61
3850052A,843,470,279,152
3850053A,1179,467,308,118
3850055A,1042,447,274,120
3850065A,969,518,282,193
3850067B,1136,675,345,266
3850070A,1020,522,338,131
3850071A,944,429,290,100
3850072A,1099,395,257,95
3850075A,980,458,286,135
3850076A,988,417,247,126
3850082A,1325,638,402,187
3850084A,1259,685,463,175
3850085B,1135,621,373,204
3850091A,1284,283,208,44
3850092A,1025,439,312,83
3850093A,752,345,204,104
3850097A,1155,386,238,85
3850099A,1185,428,277,99
3850100A,882,395,271,84
3850101A,1072,379,254,89
3850103A,1093,465,306,112
3850108A,844,367,235,102
3850110A,653,231,151,56
3850113B,1104,268,168,51
3850117A,1386,470,344,84
3850120A,1013,479,352,84
3850121C,616,197,117,52
3850122A,983,279,200,56
3850123A,1055,308,220,57
3850128A,670,224,164,48
3850134A,1007,224,157,36
3850135A,1441,615,421,126
3850136A,696,179,115,37
3850137A,1373,373,274,56
3850138A,721,202,150,21
3850144A,1011,276,204,46
3850145A,1024,242,181,41
3850146A,1178,269,176,60
3850147A,933,499,288,174
3850150A,1269,503,385,75
3850151A,1275,291,189,56
3850151C,880,245,164,29
3850152A,1181,408,315,62
3850153A,1145,675,426,195
3850154B,588,151,103,28
3850156A,454,90,61,19
3850157A,1265,392,285,63
3850158A,1114,385,274,74
3850159A,898,240,172,40
3850163A,1039,397,276,82
3850164A,940,250,182,47
3850166B,1225,342,231,77
3850170A,752,221,163,34
3850170B,827,188,141,28
3850171A,1331,374,290,52
3850175A,906,290,211,45
3850178A,1042,380,284,70
3850179A,1165,465,315,116
3850184A,865,389,250,97
3850185A,934,234,170,44
3850190A,875,374,255,77
3850198A,1006,456,316,113
3850200A,916,290,207,61
3850201A,1096,430,281,111
3850202A,1059,432,317,83
3850204A,1558,635,478,96
3850208A*,308,13,10,3
3850209B,1065,530,336,156
3850210A,1232,595,439,116
3850211A,1542,700,514,117
3850212A,895,400,271,84
3850213A,938,444,277,134
3850215B,1543,822,393,378
3850216A,1312,677,396,228
3850222B,974,451,308,117
3850223A,1003,542,366,143
3850227A,1369,546,395,96
3850229A,995,403,279,75
3850237B,730,301,203,61
3850239B,1090,307,217,66
3850241A,987,348,258,52
3850242A,998,415,270,88
3850244A,657,140,98,27
3850246A,1364,473,336,88
3850247A,1187,343,257,58
3850248A,840,415,271,112
3850249A,1049,394,279,68
3850251A,993,452,323,100
3850254A,1360,780,329,402
3850255A,1433,772,357,357
3850256A,913,490,267,170
3850259A,961,532,284,209
3850262A,1521,788,482,249
3850264A,925,412,235,131
3850270A,910,411,256,132
3850271A,1157,596,363,184
3850272A,1119,535,295,196
3850275A,1242,654,354,241
3850276A,1273,653,331,270
3850280A,1246,709,331,336
3850285A,1132,601,297,259
3850286A,1666,567,366,134
3850287A,922,472,264,181
3850290A,1260,609,314,251
3850292A,660,347,168,162
3850294A,1132,609,343,222
3850295A,1240,681,354,284
3850296A,802,182,125,25
3850297A,753,102,76,15
3850302A,1446,810,490,275
3850305A,1514,821,480,289
3850308A,1081,548,375,121
3850309A,903,409,288,77
3850316A,1322,686,363,265
3850319A,875,485,278,172
3850321A,1600,863,468,337
3850323A,580,172,112,37
3850324A,1232,628,396,176
3850328A,1539,818,420,333
3850333A,1103,403,253,107
3850335A,1106,611,297,254
3850337A,1565,874,512,310
3850346A,977,560,292,215
3850348A,900,505,258,201
3850349A,1261,729,376,279
3850351A,1024,604,353,201
3850356A,1349,768,392,299
3850361A,889,393,285,70
3850362A,1079,435,324,68
3850364A,1421,283,198,65
3850366A,957,536,261,222
3850367A,724,365,173,154
3850368A,1065,352,258,65
3850370C,1436,833,389,348
3850372A,1468,766,353,361
3850373A,1211,658,330,266
3850374A,1250,604,291,252
3850378A,1471,797,436,297
3850379A,1027,254,197,40
3850384A,942,339,209,95
3850399A,1135,625,298,266
3850400A,1055,350,260,57
3850445A,1302,685,328,327
3850447A,1624,890,434,396
3850469A*,300,90,44,43
3850481A,849,442,228,193
3850517A,830,323,224,73
3850530A,926,347,219,103
3850533A,968,520,372,105
3850535A,942,501,273,189
3850539A,1175,638,339,253
3850545A,823,311,192,95
3850549A,1688,709,416,227
3850559A,1403,642,397,184
3850562A,1169,641,393,213
3850563A,1508,674,393,212
3850564B,1385,569,391,133
3850568A,1034,494,326,110
3850572A,1100,408,272,95
3850577A,1271,304,203,62
3850591A,1079,406,299,69
3850593A,896,253,178,47
3850594A,1426,497,364,83
3850611C,738,211,149,36
3850612A,856,335,234,67
3850613A,752,229,149,47
3850614A,1203,486,336,90
3850616A,1136,460,306,111
3850617A,968,462,287,121
3850618A,974,405,274,86
3850620A,1231,481,325,101
3850621A,893,385,254,86
3850624A,903,309,188,81
3850625A,1235,446,295,102
3850630A,1352,807,421,311
3850632B,868,463,234,188
3850636A,995,514,294,173
3850637A,836,434,238,165
3850639A,1050,621,328,240
3850645A,790,172,125,29
3850648A,1515,805,418,329
3850660A,1296,484,305,125
3850671A,1241,497,318,113
3850688A,1106,606,345,224
3850701A,915,356,243,72
3850702A,1314,264,183,60
6210001A,55,17,11,2
6210002A,74,28,16,9
6450001A,863,424,265,109
6450002A,1519,539,371,119
6450004A,1431,620,393,177
6450005A,1520,760,474,231
6450006A,1454,630,392,165
6450006B*,20,4,2,1
9000388A,785,397,203,152
9000427A,1522,488,274,140
9001006A,1279,566,290,211
9001405A,1173,544,308,177
9001483A,1326,567,290,209
9001484A,1188,472,243,161
9001610B,1112,584,282,225
9001827A,1023,523,234,231
9002657A,1249,404,220,140
9002662A,1092,402,199,141
9002668A,1286,530,285,183
9002669A,1556,616,325,224
9002675A,1163,439,233,150
9002681A,1075,423,230,139
9002681B,1220,537,307,167
9002688A,1226,528,245,234
9002689A,896,391,182,168
9002698A,1215,594,320,209
9002732A,512,228,125,77
9003417A,1246,407,225,120
9003458B,802,279,148,84
9003458D,1351,454,255,149
9003891B,1305,489,285,148
9004215A,957,412,238,121
9004233A,1348,397,218,135
9006348A,993,426,216,150
9006350A,930,420,205,172
9006354A,1285,644,327,238
9006358A,1434,612,325,212
9006359A,993,485,231,202
9006361A,1483,679,394,199
9006380A,587,252,125,91
9006383A,1164,428,203,160
9006387A,1282,643,318,224
9006388B,1079,525,254,198
9006390B,1233,384,229,99
9006398A,995,449,217,167
9007619A,1494,452,239,168
9007628A,856,380,191,133
